channel,raw_candidate_count,mapped_candidate_count,tp,fp,fn,precision,recall,f1,dataset,session,selection,center_method,condition,n_channels_used,n_valid,flagged_valid_epoch_indices,n_flagged,used_all_epochs,blink_region_threshold,threshold_center,threshold_dispersion,epoch_duration_s
FP1,1096,1096,967,129,9,0.8822992700729927,0.9907786885245902,0.9333976833976834,cao2018,S09/060317n,all_channel,median,median__all_channel__FP1,32,261,"[0, 1, 2, 3, 4, 5, 6, 7, 8, 9, 10, 11, 12, 13, 14, 15, 16, 17, 18, 19, 20, 21, 22, 23, 24, 25, 26, 27, 28, 29, 30, 31, 32, 33, 34, 35, 36, 37, 38, 39, 40, 41, 42, 43, 44, 45, 46, 49, 50, 51, 52, 53, 54, 55, 56, 59, 60, 61, 67, 71, 75, 76, 78, 79, 80, 81, 82, 83, 84, 87, 91, 92, 95, 97, 99, 103, 107, 108, 112, 114, 115, 118, 123, 134, 136, 139, 140, 146, 147, 149, 150, 151, 152, 153, 156, 161, 162, 163, 164, 165, 166, 167, 168, 169, 170, 171, 172, 173, 174, 175, 176, 177, 178, 179, 180, 181, 182, 183, 184, 185, 186, 187, 188, 189, 190, 191, 192, 193, 194, 195, 196, 197, 198, 199, 200, 201, 202, 203, 204, 205, 206, 207, 208, 209, 210, 211, 212, 213, 214, 215, 216, 217, 218, 219, 220, 221, 222, 223, 224, 225, 226, 227, 228, 229, 230, 231, 232, 233, 234, 235, 236, 237, 238, 239, 240, 241, 242, 243, 244, 245, 246, 247, 248, 249, 250, 251, 252, 253, 254, 255, 256, 257, 258, 259, 260]",195,False,5.609913355548975e-05,-5.606664820893367e-06,2.056859945879437e-05,10.0
FP2,1099,1099,964,135,12,0.8771610555050046,0.9877049180327869,0.9291566265060242,cao2018,S09/060317n,all_channel,median,median__all_channel__FP2,32,261,"[0, 1, 2, 3, 4, 5, 6, 7, 8, 9, 10, 11, 12, 13, 14, 15, 16, 17, 18, 19, 20, 21, 22, 23, 24, 25, 26, 27, 28, 29, 30, 31, 32, 33, 34, 35, 36, 37, 38, 39, 40, 41, 42, 43, 44, 45, 46, 49, 50, 51, 52, 53, 54, 55, 56, 59, 60, 61, 67, 71, 75, 76, 78, 79, 80, 81, 82, 83, 84, 87, 91, 92, 95, 97, 99, 103, 107, 108, 112, 114, 115, 118, 123, 134, 136, 139, 140, 146, 147, 149, 150, 151, 152, 153, 156, 161, 162, 163, 164, 165, 166, 167, 168, 169, 170, 171, 172, 173, 174, 175, 176, 177, 178, 179, 180, 181, 182, 183, 184, 185, 186, 187, 188, 189, 190, 191, 192, 193, 194, 195, 196, 197, 198, 199, 200, 201, 202, 203, 204, 205, 206, 207, 208, 209, 210, 211, 212, 213, 214, 215, 216, 217, 218, 219, 220, 221, 222, 223, 224, 225, 226, 227, 228, 229, 230, 231, 232, 233, 234, 235, 236, 237, 238, 239, 240, 241, 242, 243, 244, 245, 246, 247, 248, 249, 250, 251, 252, 253, 254, 255, 256, 257, 258, 259, 260]",195,False,5.1566297820830166e-05,-5.1006863359393996e-06,1.8888994718923187e-05,10.0
FZ,804,804,731,73,245,0.9092039800995025,0.7489754098360656,0.8213483146067416,cao2018,S09/060317n,all_channel,median,median__all_channel__FZ,32,261,"[0, 1, 2, 3, 4, 5, 6, 7, 8, 9, 10, 11, 12, 13, 14, 15, 16, 17, 18, 19, 20, 21, 22, 23, 24, 25, 26, 27, 28, 29, 30, 31, 32, 33, 34, 35, 36, 37, 38, 39, 40, 41, 42, 43, 44, 45, 46, 49, 50, 51, 52, 53, 54, 55, 56, 59, 60, 61, 67, 71, 75, 76, 78, 79, 80, 81, 82, 83, 84, 87, 91, 92, 95, 97, 99, 103, 107, 108, 112, 114, 115, 118, 123, 134, 136, 139, 140, 146, 147, 149, 150, 151, 152, 153, 156, 161, 162, 163, 164, 165, 166, 167, 168, 169, 170, 171, 172, 173, 174, 175, 176, 177, 178, 179, 180, 181, 182, 183, 184, 185, 186, 187, 188, 189, 190, 191, 192, 193, 194, 195, 196, 197, 198, 199, 200, 201, 202, 203, 204, 205, 206, 207, 208, 209, 210, 211, 212, 213, 214, 215, 216, 217, 218, 219, 220, 221, 222, 223, 224, 225, 226, 227, 228, 229, 230, 231, 232, 233, 234, 235, 236, 237, 238, 239, 240, 241, 242, 243, 244, 245, 246, 247, 248, 249, 250, 251, 252, 253, 254, 255, 256, 257, 258, 259, 260]",195,False,3.547288217279314e-05,-1.961053522776301e-06,1.2477978565189813e-05,10.0
F3,785,785,694,91,282,0.8840764331210191,0.7110655737704918,0.7881885292447474,cao2018,S09/060317n,all_channel,median,median__all_channel__F3,32,261,"[0, 1, 2, 3, 4, 5, 6, 7, 8, 9, 10, 11, 12, 13, 14, 15, 16, 17, 18, 19, 20, 21, 22, 23, 24, 25, 26, 27, 28, 29, 30, 31, 32, 33, 34, 35, 36, 37, 38, 39, 40, 41, 42, 43, 44, 45, 46, 49, 50, 51, 52, 53, 54, 55, 56, 59, 60, 61, 67, 71, 75, 76, 78, 79, 80, 81, 82, 83, 84, 87, 91, 92, 95, 97, 99, 103, 107, 108, 112, 114, 115, 118, 123, 134, 136, 139, 140, 146, 147, 149, 150, 151, 152, 153, 156, 161, 162, 163, 164, 165, 166, 167, 168, 169, 170, 171, 172, 173, 174, 175, 176, 177, 178, 179, 180, 181, 182, 183, 184, 185, 186, 187, 188, 189, 190, 191, 192, 193, 194, 195, 196, 197, 198, 199, 200, 201, 202, 203, 204, 205, 206, 207, 208, 209, 210, 211, 212, 213, 214, 215, 216, 217, 218, 219, 220, 221, 222, 223, 224, 225, 226, 227, 228, 229, 230, 231, 232, 233, 234, 235, 236, 237, 238, 239, 240, 241, 242, 243, 244, 245, 246, 247, 248, 249, 250, 251, 252, 253, 254, 255, 256, 257, 258, 259, 260]",195,False,3.420278979037321e-05,-1.668529414684755e-06,1.1957106401685991e-05,10.0
F8,832,832,684,148,292,0.8221153846153846,0.7008196721311475,0.7566371681415929,cao2018,S09/060317n,all_channel,median,median__all_channel__F8,32,261,"[0, 1, 2, 3, 4, 5, 6, 7, 8, 9, 10, 11, 12, 13, 14, 15, 16, 17, 18, 19, 20, 21, 22, 23, 24, 25, 26, 27, 28, 29, 30, 31, 32, 33, 34, 35, 36, 37, 38, 39, 40, 41, 42, 43, 44, 45, 46, 49, 50, 51, 52, 53, 54, 55, 56, 59, 60, 61, 67, 71, 75, 76, 78, 79, 80, 81, 82, 83, 84, 87, 91, 92, 95, 97, 99, 103, 107, 108, 112, 114, 115, 118, 123, 134, 136, 139, 140, 146, 147, 149, 150, 151, 152, 153, 156, 161, 162, 163, 164, 165, 166, 167, 168, 169, 170, 171, 172, 173, 174, 175, 176, 177, 178, 179, 180, 181, 182, 183, 184, 185, 186, 187, 188, 189, 190, 191, 192, 193, 194, 195, 196, 197, 198, 199, 200, 201, 202, 203, 204, 205, 206, 207, 208, 209, 210, 211, 212, 213, 214, 215, 216, 217, 218, 219, 220, 221, 222, 223, 224, 225, 226, 227, 228, 229, 230, 231, 232, 233, 234, 235, 236, 237, 238, 239, 240, 241, 242, 243, 244, 245, 246, 247, 248, 249, 250, 251, 252, 253, 254, 255, 256, 257, 258, 259, 260]",195,False,3.9738654059364e-05,-1.9038614551355453e-06,1.388083850483318e-05,10.0
F4,734,734,638,96,338,0.8692098092643051,0.6536885245901639,0.7461988304093568,cao2018,S09/060317n,all_channel,median,median__all_channel__F4,32,261,"[0, 1, 2, 3, 4, 5, 6, 7, 8, 9, 10, 11, 12, 13, 14, 15, 16, 17, 18, 19, 20, 21, 22, 23, 24, 25, 26, 27, 28, 29, 30, 31, 32, 33, 34, 35, 36, 37, 38, 39, 40, 41, 42, 43, 44, 45, 46, 49, 50, 51, 52, 53, 54, 55, 56, 59, 60, 61, 67, 71, 75, 76, 78, 79, 80, 81, 82, 83, 84, 87, 91, 92, 95, 97, 99, 103, 107, 108, 112, 114, 115, 118, 123, 134, 136, 139, 140, 146, 147, 149, 150, 151, 152, 153, 156, 161, 162, 163, 164, 165, 166, 167, 168, 169, 170, 171, 172, 173, 174, 175, 176, 177, 178, 179, 180, 181, 182, 183, 184, 185, 186, 187, 188, 189, 190, 191, 192, 193, 194, 195, 196, 197, 198, 199, 200, 201, 202, 203, 204, 205, 206, 207, 208, 209, 210, 211, 212, 213, 214, 215, 216, 217, 218, 219, 220, 221, 222, 223, 224, 225, 226, 227, 228, 229, 230, 231, 232, 233, 234, 235, 236, 237, 238, 239, 240, 241, 242, 243, 244, 245, 246, 247, 248, 249, 250, 251, 252, 253, 254, 255, 256, 257, 258, 259, 260]",195,False,3.61521454407762e-05,-1.8215119035670919e-06,1.2657885781447762e-05,10.0
F7,703,703,594,109,382,0.844950213371266,0.6086065573770492,0.707564026206075,cao2018,S09/060317n,all_channel,median,median__all_channel__F7,32,261,"[0, 1, 2, 3, 4, 5, 6, 7, 8, 9, 10, 11, 12, 13, 14, 15, 16, 17, 18, 19, 20, 21, 22, 23, 24, 25, 26, 27, 28, 29, 30, 31, 32, 33, 34, 35, 36, 37, 38, 39, 40, 41, 42, 43, 44, 45, 46, 49, 50, 51, 52, 53, 54, 55, 56, 59, 60, 61, 67, 71, 75, 76, 78, 79, 80, 81, 82, 83, 84, 87, 91, 92, 95, 97, 99, 103, 107, 108, 112, 114, 115, 118, 123, 134, 136, 139, 140, 146, 147, 149, 150, 151, 152, 153, 156, 161, 162, 163, 164, 165, 166, 167, 168, 169, 170, 171, 172, 173, 174, 175, 176, 177, 178, 179, 180, 181, 182, 183, 184, 185, 186, 187, 188, 189, 190, 191, 192, 193, 194, 195, 196, 197, 198, 199, 200, 201, 202, 203, 204, 205, 206, 207, 208, 209, 210, 211, 212, 213, 214, 215, 216, 217, 218, 219, 220, 221, 222, 223, 224, 225, 226, 227, 228, 229, 230, 231, 232, 233, 234, 235, 236, 237, 238, 239, 240, 241, 242, 243, 244, 245, 246, 247, 248, 249, 250, 251, 252, 253, 254, 255, 256, 257, 258, 259, 260]",195,False,2.60307827452176e-05,-9.650675679973276e-07,8.998616771071643e-06,10.0
FT7,698,698,584,114,392,0.836676217765043,0.5983606557377049,0.6977299880525688,cao2018,S09/060317n,all_channel,median,median__all_channel__FT7,32,261,"[0, 1, 2, 3, 4, 5, 6, 7, 8, 9, 10, 11, 12, 13, 14, 15, 16, 17, 18, 19, 20, 21, 22, 23, 24, 25, 26, 27, 28, 29, 30, 31, 32, 33, 34, 35, 36, 37, 38, 39, 40, 41, 42, 43, 44, 45, 46, 49, 50, 51, 52, 53, 54, 55, 56, 59, 60, 61, 67, 71, 75, 76, 78, 79, 80, 81, 82, 83, 84, 87, 91, 92, 95, 97, 99, 103, 107, 108, 112, 114, 115, 118, 123, 134, 136, 139, 140, 146, 147, 149, 150, 151, 152, 153, 156, 161, 162, 163, 164, 165, 166, 167, 168, 169, 170, 171, 172, 173, 174, 175, 176, 177, 178, 179, 180, 181, 182, 183, 184, 185, 186, 187, 188, 189, 190, 191, 192, 193, 194, 195, 196, 197, 198, 199, 200, 201, 202, 203, 204, 205, 206, 207, 208, 209, 210, 211, 212, 213, 214, 215, 216, 217, 218, 219, 220, 221, 222, 223, 224, 225, 226, 227, 228, 229, 230, 231, 232, 233, 234, 235, 236, 237, 238, 239, 240, 241, 242, 243, 244, 245, 246, 247, 248, 249, 250, 251, 252, 253, 254, 255, 256, 257, 258, 259, 260]",195,False,2.5972294578344402e-05,-9.479725910167205e-07,8.97342238978704e-06,10.0
T3,663,663,552,111,424,0.832579185520362,0.5655737704918032,0.673581452104942,cao2018,S09/060317n,all_channel,median,median__all_channel__T3,32,261,"[0, 1, 2, 3, 4, 5, 6, 7, 8, 9, 10, 11, 12, 13, 14, 15, 16, 17, 18, 19, 20, 21, 22, 23, 24, 25, 26, 27, 28, 29, 30, 31, 32, 33, 34, 35, 36, 37, 38, 39, 40, 41, 42, 43, 44, 45, 46, 49, 50, 51, 52, 53, 54, 55, 56, 59, 60, 61, 67, 71, 75, 76, 78, 79, 80, 81, 82, 83, 84, 87, 91, 92, 95, 97, 99, 103, 107, 108, 112, 114, 115, 118, 123, 134, 136, 139, 140, 146, 147, 149, 150, 151, 152, 153, 156, 161, 162, 163, 164, 165, 166, 167, 168, 169, 170, 171, 172, 173, 174, 175, 176, 177, 178, 179, 180, 181, 182, 183, 184, 185, 186, 187, 188, 189, 190, 191, 192, 193, 194, 195, 196, 197, 198, 199, 200, 201, 202, 203, 204, 205, 206, 207, 208, 209, 210, 211, 212, 213, 214, 215, 216, 217, 218, 219, 220, 221, 222, 223, 224, 225, 226, 227, 228, 229, 230, 231, 232, 233, 234, 235, 236, 237, 238, 239, 240, 241, 242, 243, 244, 245, 246, 247, 248, 249, 250, 251, 252, 253, 254, 255, 256, 257, 258, 259, 260]",195,False,2.531719518153874e-05,-8.856856939310005e-07,8.73429362515658e-06,10.0
FC3,483,483,395,88,581,0.8178053830227743,0.4047131147540984,0.5414667580534613,cao2018,S09/060317n,all_channel,median,median__all_channel__FC3,32,261,"[0, 1, 2, 3, 4, 5, 6, 7, 8, 9, 10, 11, 12, 13, 14, 15, 16, 17, 18, 19, 20, 21, 22, 23, 24, 25, 26, 27, 28, 29, 30, 31, 32, 33, 34, 35, 36, 37, 38, 39, 40, 41, 42, 43, 44, 45, 46, 49, 50, 51, 52, 53, 54, 55, 56, 59, 60, 61, 67, 71, 75, 76, 78, 79, 80, 81, 82, 83, 84, 87, 91, 92, 95, 97, 99, 103, 107, 108, 112, 114, 115, 118, 123, 134, 136, 139, 140, 146, 147, 149, 150, 151, 152, 153, 156, 161, 162, 163, 164, 165, 166, 167, 168, 169, 170, 171, 172, 173, 174, 175, 176, 177, 178, 179, 180, 181, 182, 183, 184, 185, 186, 187, 188, 189, 190, 191, 192, 193, 194, 195, 196, 197, 198, 199, 200, 201, 202, 203, 204, 205, 206, 207, 208, 209, 210, 211, 212, 213, 214, 215, 216, 217, 218, 219, 220, 221, 222, 223, 224, 225, 226, 227, 228, 229, 230, 231, 232, 233, 234, 235, 236, 237, 238, 239, 240, 241, 242, 243, 244, 245, 246, 247, 248, 249, 250, 251, 252, 253, 254, 255, 256, 257, 258, 259, 260]",195,False,3.0907934299364356e-05,-1.1052798711141535e-06,1.0671071390159504e-05,10.0
FT8,485,485,365,120,611,0.7525773195876289,0.3739754098360656,0.4996577686516084,cao2018,S09/060317n,all_channel,median,median__all_channel__FT8,32,261,"[0, 1, 2, 3, 4, 5, 6, 7, 8, 9, 10, 11, 12, 13, 14, 15, 16, 17, 18, 19, 20, 21, 22, 23, 24, 25, 26, 27, 28, 29, 30, 31, 32, 33, 34, 35, 36, 37, 38, 39, 40, 41, 42, 43, 44, 45, 46, 49, 50, 51, 52, 53, 54, 55, 56, 59, 60, 61, 67, 71, 75, 76, 78, 79, 80, 81, 82, 83, 84, 87, 91, 92, 95, 97, 99, 103, 107, 108, 112, 114, 115, 118, 123, 134, 136, 139, 140, 146, 147, 149, 150, 151, 152, 153, 156, 161, 162, 163, 164, 165, 166, 167, 168, 169, 170, 171, 172, 173, 174, 175, 176, 177, 178, 179, 180, 181, 182, 183, 184, 185, 186, 187, 188, 189, 190, 191, 192, 193, 194, 195, 196, 197, 198, 199, 200, 201, 202, 203, 204, 205, 206, 207, 208, 209, 210, 211, 212, 213, 214, 215, 216, 217, 218, 219, 220, 221, 222, 223, 224, 225, 226, 227, 228, 229, 230, 231, 232, 233, 234, 235, 236, 237, 238, 239, 240, 241, 242, 243, 244, 245, 246, 247, 248, 249, 250, 251, 252, 253, 254, 255, 256, 257, 258, 259, 260]",195,False,2.7996011598578236e-05,-6.470242802289368e-07,9.547678626269058e-06,10.0
FCZ,369,369,299,70,677,0.8102981029810298,0.30635245901639346,0.44460966542750935,cao2018,S09/060317n,all_channel,median,median__all_channel__FCZ,32,261,"[0, 1, 2, 3, 4, 5, 6, 7, 8, 9, 10, 11, 12, 13, 14, 15, 16, 17, 18, 19, 20, 21, 22, 23, 24, 25, 26, 27, 28, 29, 30, 31, 32, 33, 34, 35, 36, 37, 38, 39, 40, 41, 42, 43, 44, 45, 46, 49, 50, 51, 52, 53, 54, 55, 56, 59, 60, 61, 67, 71, 75, 76, 78, 79, 80, 81, 82, 83, 84, 87, 91, 92, 95, 97, 99, 103, 107, 108, 112, 114, 115, 118, 123, 134, 136, 139, 140, 146, 147, 149, 150, 151, 152, 153, 156, 161, 162, 163, 164, 165, 166, 167, 168, 169, 170, 171, 172, 173, 174, 175, 176, 177, 178, 179, 180, 181, 182, 183, 184, 185, 186, 187, 188, 189, 190, 191, 192, 193, 194, 195, 196, 197, 198, 199, 200, 201, 202, 203, 204, 205, 206, 207, 208, 209, 210, 211, 212, 213, 214, 215, 216, 217, 218, 219, 220, 221, 222, 223, 224, 225, 226, 227, 228, 229, 230, 231, 232, 233, 234, 235, 236, 237, 238, 239, 240, 241, 242, 243, 244, 245, 246, 247, 248, 249, 250, 251, 252, 253, 254, 255, 256, 257, 258, 259, 260]",195,False,3.256335366263905e-05,-1.0909693051636264e-06,1.1218107655934226e-05,10.0
FC4,418,418,302,116,674,0.722488038277512,0.3094262295081967,0.43328550932568144,cao2018,S09/060317n,all_channel,median,median__all_channel__FC4,32,261,"[0, 1, 2, 3, 4, 5, 6, 7, 8, 9, 10, 11, 12, 13, 14, 15, 16, 17, 18, 19, 20, 21, 22, 23, 24, 25, 26, 27, 28, 29, 30, 31, 32, 33, 34, 35, 36, 37, 38, 39, 40, 41, 42, 43, 44, 45, 46, 49, 50, 51, 52, 53, 54, 55, 56, 59, 60, 61, 67, 71, 75, 76, 78, 79, 80, 81, 82, 83, 84, 87, 91, 92, 95, 97, 99, 103, 107, 108, 112, 114, 115, 118, 123, 134, 136, 139, 140, 146, 147, 149, 150, 151, 152, 153, 156, 161, 162, 163, 164, 165, 166, 167, 168, 169, 170, 171, 172, 173, 174, 175, 176, 177, 178, 179, 180, 181, 182, 183, 184, 185, 186, 187, 188, 189, 190, 191, 192, 193, 194, 195, 196, 197, 198, 199, 200, 201, 202, 203, 204, 205, 206, 207, 208, 209, 210, 211, 212, 213, 214, 215, 216, 217, 218, 219, 220, 221, 222, 223, 224, 225, 226, 227, 228, 229, 230, 231, 232, 233, 234, 235, 236, 237, 238, 239, 240, 241, 242, 243, 244, 245, 246, 247, 248, 249, 250, 251, 252, 253, 254, 255, 256, 257, 258, 259, 260]",195,False,3.344916255347293e-05,-1.2634596015806982e-06,1.1570874051684543e-05,10.0
T4,429,429,303,126,673,0.7062937062937062,0.3104508196721312,0.4313167259786477,cao2018,S09/060317n,all_channel,median,median__all_channel__T4,32,261,"[0, 1, 2, 3, 4, 5, 6, 7, 8, 9, 10, 11, 12, 13, 14, 15, 16, 17, 18, 19, 20, 21, 22, 23, 24, 25, 26, 27, 28, 29, 30, 31, 32, 33, 34, 35, 36, 37, 38, 39, 40, 41, 42, 43, 44, 45, 46, 49, 50, 51, 52, 53, 54, 55, 56, 59, 60, 61, 67, 71, 75, 76, 78, 79, 80, 81, 82, 83, 84, 87, 91, 92, 95, 97, 99, 103, 107, 108, 112, 114, 115, 118, 123, 134, 136, 139, 140, 146, 147, 149, 150, 151, 152, 153, 156, 161, 162, 163, 164, 165, 166, 167, 168, 169, 170, 171, 172, 173, 174, 175, 176, 177, 178, 179, 180, 181, 182, 183, 184, 185, 186, 187, 188, 189, 190, 191, 192, 193, 194, 195, 196, 197, 198, 199, 200, 201, 202, 203, 204, 205, 206, 207, 208, 209, 210, 211, 212, 213, 214, 215, 216, 217, 218, 219, 220, 221, 222, 223, 224, 225, 226, 227, 228, 229, 230, 231, 232, 233, 234, 235, 236, 237, 238, 239, 240, 241, 242, 243, 244, 245, 246, 247, 248, 249, 250, 251, 252, 253, 254, 255, 256, 257, 258, 259, 260]",195,False,2.726230269764887e-05,-5.440674990425382e-07,9.268790065563802e-06,10.0
C3,303,303,224,79,752,0.7392739273927392,0.22950819672131148,0.3502736512900704,cao2018,S09/060317n,all_channel,median,median__all_channel__C3,32,261,"[0, 1, 2, 3, 4, 5, 6, 7, 8, 9, 10, 11, 12, 13, 14, 15, 16, 17, 18, 19, 20, 21, 22, 23, 24, 25, 26, 27, 28, 29, 30, 31, 32, 33, 34, 35, 36, 37, 38, 39, 40, 41, 42, 43, 44, 45, 46, 49, 50, 51, 52, 53, 54, 55, 56, 59, 60, 61, 67, 71, 75, 76, 78, 79, 80, 81, 82, 83, 84, 87, 91, 92, 95, 97, 99, 103, 107, 108, 112, 114, 115, 118, 123, 134, 136, 139, 140, 146, 147, 149, 150, 151, 152, 153, 156, 161, 162, 163, 164, 165, 166, 167, 168, 169, 170, 171, 172, 173, 174, 175, 176, 177, 178, 179, 180, 181, 182, 183, 184, 185, 186, 187, 188, 189, 190, 191, 192, 193, 194, 195, 196, 197, 198, 199, 200, 201, 202, 203, 204, 205, 206, 207, 208, 209, 210, 211, 212, 213, 214, 215, 216, 217, 218, 219, 220, 221, 222, 223, 224, 225, 226, 227, 228, 229, 230, 231, 232, 233, 234, 235, 236, 237, 238, 239, 240, 241, 242, 243, 244, 245, 246, 247, 248, 249, 250, 251, 252, 253, 254, 255, 256, 257, 258, 259, 260]",195,False,2.77353032736701e-05,-7.811087572946071e-07,9.505470676988236e-06,10.0
C4,302,302,175,127,801,0.5794701986754967,0.17930327868852458,0.2738654147104851,cao2018,S09/060317n,all_channel,median,median__all_channel__C4,32,261,"[0, 1, 2, 3, 4, 5, 6, 7, 8, 9, 10, 11, 12, 13, 14, 15, 16, 17, 18, 19, 20, 21, 22, 23, 24, 25, 26, 27, 28, 29, 30, 31, 32, 33, 34, 35, 36, 37, 38, 39, 40, 41, 42, 43, 44, 45, 46, 49, 50, 51, 52, 53, 54, 55, 56, 59, 60, 61, 67, 71, 75, 76, 78, 79, 80, 81, 82, 83, 84, 87, 91, 92, 95, 97, 99, 103, 107, 108, 112, 114, 115, 118, 123, 134, 136, 139, 140, 146, 147, 149, 150, 151, 152, 153, 156, 161, 162, 163, 164, 165, 166, 167, 168, 169, 170, 171, 172, 173, 174, 175, 176, 177, 178, 179, 180, 181, 182, 183, 184, 185, 186, 187, 188, 189, 190, 191, 192, 193, 194, 195, 196, 197, 198, 199, 200, 201, 202, 203, 204, 205, 206, 207, 208, 209, 210, 211, 212, 213, 214, 215, 216, 217, 218, 219, 220, 221, 222, 223, 224, 225, 226, 227, 228, 229, 230, 231, 232, 233, 234, 235, 236, 237, 238, 239, 240, 241, 242, 243, 244, 245, 246, 247, 248, 249, 250, 251, 252, 253, 254, 255, 256, 257, 258, 259, 260]",195,False,3.1012216225562676e-05,-9.144405931453309e-07,1.0642218939569337e-05,10.0
CZ,213,213,143,70,833,0.6713615023474179,0.14651639344262296,0.24053826745164006,cao2018,S09/060317n,all_channel,median,median__all_channel__CZ,32,261,"[0, 1, 2, 3, 4, 5, 6, 7, 8, 9, 10, 11, 12, 13, 14, 15, 16, 17, 18, 19, 20, 21, 22, 23, 24, 25, 26, 27, 28, 29, 30, 31, 32, 33, 34, 35, 36, 37, 38, 39, 40, 41, 42, 43, 44, 45, 46, 49, 50, 51, 52, 53, 54, 55, 56, 59, 60, 61, 67, 71, 75, 76, 78, 79, 80, 81, 82, 83, 84, 87, 91, 92, 95, 97, 99, 103, 107, 108, 112, 114, 115, 118, 123, 134, 136, 139, 140, 146, 147, 149, 150, 151, 152, 153, 156, 161, 162, 163, 164, 165, 166, 167, 168, 169, 170, 171, 172, 173, 174, 175, 176, 177, 178, 179, 180, 181, 182, 183, 184, 185, 186, 187, 188, 189, 190, 191, 192, 193, 194, 195, 196, 197, 198, 199, 200, 201, 202, 203, 204, 205, 206, 207, 208, 209, 210, 211, 212, 213, 214, 215, 216, 217, 218, 219, 220, 221, 222, 223, 224, 225, 226, 227, 228, 229, 230, 231, 232, 233, 234, 235, 236, 237, 238, 239, 240, 241, 242, 243, 244, 245, 246, 247, 248, 249, 250, 251, 252, 253, 254, 255, 256, 257, 258, 259, 260]",195,False,3.0104840256797716e-05,-7.321285633223866e-07,1.02789896067067e-05,10.0
T6,275,275,138,137,838,0.5018181818181818,0.1413934426229508,0.22062350119904073,cao2018,S09/060317n,all_channel,median,median__all_channel__T6,32,261,"[0, 1, 2, 3, 4, 5, 6, 7, 8, 9, 10, 11, 12, 13, 14, 15, 16, 17, 18, 19, 20, 21, 22, 23, 24, 25, 26, 27, 28, 29, 30, 31, 32, 33, 34, 35, 36, 37, 38, 39, 40, 41, 42, 43, 44, 45, 46, 49, 50, 51, 52, 53, 54, 55, 56, 59, 60, 61, 67, 71, 75, 76, 78, 79, 80, 81, 82, 83, 84, 87, 91, 92, 95, 97, 99, 103, 107, 108, 112, 114, 115, 118, 123, 134, 136, 139, 140, 146, 147, 149, 150, 151, 152, 153, 156, 161, 162, 163, 164, 165, 166, 167, 168, 169, 170, 171, 172, 173, 174, 175, 176, 177, 178, 179, 180, 181, 182, 183, 184, 185, 186, 187, 188, 189, 190, 191, 192, 193, 194, 195, 196, 197, 198, 199, 200, 201, 202, 203, 204, 205, 206, 207, 208, 209, 210, 211, 212, 213, 214, 215, 216, 217, 218, 219, 220, 221, 222, 223, 224, 225, 226, 227, 228, 229, 230, 231, 232, 233, 234, 235, 236, 237, 238, 239, 240, 241, 242, 243, 244, 245, 246, 247, 248, 249, 250, 251, 252, 253, 254, 255, 256, 257, 258, 259, 260]",195,False,1.9368846006517392e-05,-4.005544241006008e-07,6.589800143539331e-06,10.0
TP7,213,213,129,84,847,0.6056338028169014,0.13217213114754098,0.21698906644238855,cao2018,S09/060317n,all_channel,median,median__all_channel__TP7,32,261,"[0, 1, 2, 3, 4, 5, 6, 7, 8, 9, 10, 11, 12, 13, 14, 15, 16, 17, 18, 19, 20, 21, 22, 23, 24, 25, 26, 27, 28, 29, 30, 31, 32, 33, 34, 35, 36, 37, 38, 39, 40, 41, 42, 43, 44, 45, 46, 49, 50, 51, 52, 53, 54, 55, 56, 59, 60, 61, 67, 71, 75, 76, 78, 79, 80, 81, 82, 83, 84, 87, 91, 92, 95, 97, 99, 103, 107, 108, 112, 114, 115, 118, 123, 134, 136, 139, 140, 146, 147, 149, 150, 151, 152, 153, 156, 161, 162, 163, 164, 165, 166, 167, 168, 169, 170, 171, 172, 173, 174, 175, 176, 177, 178, 179, 180, 181, 182, 183, 184, 185, 186, 187, 188, 189, 190, 191, 192, 193, 194, 195, 196, 197, 198, 199, 200, 201, 202, 203, 204, 205, 206, 207, 208, 209, 210, 211, 212, 213, 214, 215, 216, 217, 218, 219, 220, 221, 222, 223, 224, 225, 226, 227, 228, 229, 230, 231, 232, 233, 234, 235, 236, 237, 238, 239, 240, 241, 242, 243, 244, 245, 246, 247, 248, 249, 250, 251, 252, 253, 254, 255, 256, 257, 258, 259, 260]",195,False,1.8088894800778246e-05,-3.346256504995358e-07,6.14117348375926e-06,10.0
TP8,278,278,133,145,843,0.4784172661870504,0.1362704918032787,0.21212121212121213,cao2018,S09/060317n,all_channel,median,median__all_channel__TP8,32,261,"[0, 1, 2, 3, 4, 5, 6, 7, 8, 9, 10, 11, 12, 13, 14, 15, 16, 17, 18, 19, 20, 21, 22, 23, 24, 25, 26, 27, 28, 29, 30, 31, 32, 33, 34, 35, 36, 37, 38, 39, 40, 41, 42, 43, 44, 45, 46, 49, 50, 51, 52, 53, 54, 55, 56, 59, 60, 61, 67, 71, 75, 76, 78, 79, 80, 81, 82, 83, 84, 87, 91, 92, 95, 97, 99, 103, 107, 108, 112, 114, 115, 118, 123, 134, 136, 139, 140, 146, 147, 149, 150, 151, 152, 153, 156, 161, 162, 163, 164, 165, 166, 167, 168, 169, 170, 171, 172, 173, 174, 175, 176, 177, 178, 179, 180, 181, 182, 183, 184, 185, 186, 187, 188, 189, 190, 191, 192, 193, 194, 195, 196, 197, 198, 199, 200, 201, 202, 203, 204, 205, 206, 207, 208, 209, 210, 211, 212, 213, 214, 215, 216, 217, 218, 219, 220, 221, 222, 223, 224, 225, 226, 227, 228, 229, 230, 231, 232, 233, 234, 235, 236, 237, 238, 239, 240, 241, 242, 243, 244, 245, 246, 247, 248, 249, 250, 251, 252, 253, 254, 255, 256, 257, 258, 259, 260]",195,False,1.937837965415948e-05,-3.9297661264192986e-07,6.5904520889338035e-06,10.0
CP4,216,216,109,107,867,0.5046296296296297,0.11168032786885246,0.18288590604026847,cao2018,S09/060317n,all_channel,median,median__all_channel__CP4,32,261,"[0, 1, 2, 3, 4, 5, 6, 7, 8, 9, 10, 11, 12, 13, 14, 15, 16, 17, 18, 19, 20, 21, 22, 23, 24, 25, 26, 27, 28, 29, 30, 31, 32, 33, 34, 35, 36, 37, 38, 39, 40, 41, 42, 43, 44, 45, 46, 49, 50, 51, 52, 53, 54, 55, 56, 59, 60, 61, 67, 71, 75, 76, 78, 79, 80, 81, 82, 83, 84, 87, 91, 92, 95, 97, 99, 103, 107, 108, 112, 114, 115, 118, 123, 134, 136, 139, 140, 146, 147, 149, 150, 151, 152, 153, 156, 161, 162, 163, 164, 165, 166, 167, 168, 169, 170, 171, 172, 173, 174, 175, 176, 177, 178, 179, 180, 181, 182, 183, 184, 185, 186, 187, 188, 189, 190, 191, 192, 193, 194, 195, 196, 197, 198, 199, 200, 201, 202, 203, 204, 205, 206, 207, 208, 209, 210, 211, 212, 213, 214, 215, 216, 217, 218, 219, 220, 221, 222, 223, 224, 225, 226, 227, 228, 229, 230, 231, 232, 233, 234, 235, 236, 237, 238, 239, 240, 241, 242, 243, 244, 245, 246, 247, 248, 249, 250, 251, 252, 253, 254, 255, 256, 257, 258, 259, 260]",195,False,2.7551001098842843e-05,-6.981195085081685e-07,9.41637353578367e-06,10.0
P3,152,152,101,51,875,0.6644736842105263,0.10348360655737705,0.17907801418439717,cao2018,S09/060317n,all_channel,median,median__all_channel__P3,32,261,"[0, 1, 2, 3, 4, 5, 6, 7, 8, 9, 10, 11, 12, 13, 14, 15, 16, 17, 18, 19, 20, 21, 22, 23, 24, 25, 26, 27, 28, 29, 30, 31, 32, 33, 34, 35, 36, 37, 38, 39, 40, 41, 42, 43, 44, 45, 46, 49, 50, 51, 52, 53, 54, 55, 56, 59, 60, 61, 67, 71, 75, 76, 78, 79, 80, 81, 82, 83, 84, 87, 91, 92, 95, 97, 99, 103, 107, 108, 112, 114, 115, 118, 123, 134, 136, 139, 140, 146, 147, 149, 150, 151, 152, 153, 156, 161, 162, 163, 164, 165, 166, 167, 168, 169, 170, 171, 172, 173, 174, 175, 176, 177, 178, 179, 180, 181, 182, 183, 184, 185, 186, 187, 188, 189, 190, 191, 192, 193, 194, 195, 196, 197, 198, 199, 200, 201, 202, 203, 204, 205, 206, 207, 208, 209, 210, 211, 212, 213, 214, 215, 216, 217, 218, 219, 220, 221, 222, 223, 224, 225, 226, 227, 228, 229, 230, 231, 232, 233, 234, 235, 236, 237, 238, 239, 240, 241, 242, 243, 244, 245, 246, 247, 248, 249, 250, 251, 252, 253, 254, 255, 256, 257, 258, 259, 260]",195,False,2.4688815019674157e-05,-5.077088430030544e-07,8.39884128755907e-06,10.0
CP3,145,145,94,51,882,0.6482758620689655,0.09631147540983606,0.16770740410347904,cao2018,S09/060317n,all_channel,median,median__all_channel__CP3,32,261,"[0, 1, 2, 3, 4, 5, 6, 7, 8, 9, 10, 11, 12, 13, 14, 15, 16, 17, 18, 19, 20, 21, 22, 23, 24, 25, 26, 27, 28, 29, 30, 31, 32, 33, 34, 35, 36, 37, 38, 39, 40, 41, 42, 43, 44, 45, 46, 49, 50, 51, 52, 53, 54, 55, 56, 59, 60, 61, 67, 71, 75, 76, 78, 79, 80, 81, 82, 83, 84, 87, 91, 92, 95, 97, 99, 103, 107, 108, 112, 114, 115, 118, 123, 134, 136, 139, 140, 146, 147, 149, 150, 151, 152, 153, 156, 161, 162, 163, 164, 165, 166, 167, 168, 169, 170, 171, 172, 173, 174, 175, 176, 177, 178, 179, 180, 181, 182, 183, 184, 185, 186, 187, 188, 189, 190, 191, 192, 193, 194, 195, 196, 197, 198, 199, 200, 201, 202, 203, 204, 205, 206, 207, 208, 209, 210, 211, 212, 213, 214, 215, 216, 217, 218, 219, 220, 221, 222, 223, 224, 225, 226, 227, 228, 229, 230, 231, 232, 233, 234, 235, 236, 237, 238, 239, 240, 241, 242, 243, 244, 245, 246, 247, 248, 249, 250, 251, 252, 253, 254, 255, 256, 257, 258, 259, 260]",195,False,2.4692749679165182e-05,-4.942267604408611e-07,8.395658813202014e-06,10.0
CPZ,148,148,84,64,892,0.5675675675675675,0.0860655737704918,0.1494661921708185,cao2018,S09/060317n,all_channel,median,median__all_channel__CPZ,32,261,"[0, 1, 2, 3, 4, 5, 6, 7, 8, 9, 10, 11, 12, 13, 14, 15, 16, 17, 18, 19, 20, 21, 22, 23, 24, 25, 26, 27, 28, 29, 30, 31, 32, 33, 34, 35, 36, 37, 38, 39, 40, 41, 42, 43, 44, 45, 46, 49, 50, 51, 52, 53, 54, 55, 56, 59, 60, 61, 67, 71, 75, 76, 78, 79, 80, 81, 82, 83, 84, 87, 91, 92, 95, 97, 99, 103, 107, 108, 112, 114, 115, 118, 123, 134, 136, 139, 140, 146, 147, 149, 150, 151, 152, 153, 156, 161, 162, 163, 164, 165, 166, 167, 168, 169, 170, 171, 172, 173, 174, 175, 176, 177, 178, 179, 180, 181, 182, 183, 184, 185, 186, 187, 188, 189, 190, 191, 192, 193, 194, 195, 196, 197, 198, 199, 200, 201, 202, 203, 204, 205, 206, 207, 208, 209, 210, 211, 212, 213, 214, 215, 216, 217, 218, 219, 220, 221, 222, 223, 224, 225, 226, 227, 228, 229, 230, 231, 232, 233, 234, 235, 236, 237, 238, 239, 240, 241, 242, 243, 244, 245, 246, 247, 248, 249, 250, 251, 252, 253, 254, 255, 256, 257, 258, 259, 260]",195,False,2.7207715457397254e-05,-5.676999791421486e-07,9.2584718121798e-06,10.0
P4,150,150,81,69,895,0.54,0.08299180327868852,0.1438721136767318,cao2018,S09/060317n,all_channel,median,median__all_channel__P4,32,261,"[0, 1, 2, 3, 4, 5, 6, 7, 8, 9, 10, 11, 12, 13, 14, 15, 16, 17, 18, 19, 20, 21, 22, 23, 24, 25, 26, 27, 28, 29, 30, 31, 32, 33, 34, 35, 36, 37, 38, 39, 40, 41, 42, 43, 44, 45, 46, 49, 50, 51, 52, 53, 54, 55, 56, 59, 60, 61, 67, 71, 75, 76, 78, 79, 80, 81, 82, 83, 84, 87, 91, 92, 95, 97, 99, 103, 107, 108, 112, 114, 115, 118, 123, 134, 136, 139, 140, 146, 147, 149, 150, 151, 152, 153, 156, 161, 162, 163, 164, 165, 166, 167, 168, 169, 170, 171, 172, 173, 174, 175, 176, 177, 178, 179, 180, 181, 182, 183, 184, 185, 186, 187, 188, 189, 190, 191, 192, 193, 194, 195, 196, 197, 198, 199, 200, 201, 202, 203, 204, 205, 206, 207, 208, 209, 210, 211, 212, 213, 214, 215, 216, 217, 218, 219, 220, 221, 222, 223, 224, 225, 226, 227, 228, 229, 230, 231, 232, 233, 234, 235, 236, 237, 238, 239, 240, 241, 242, 243, 244, 245, 246, 247, 248, 249, 250, 251, 252, 253, 254, 255, 256, 257, 258, 259, 260]",195,False,2.4425537634343824e-05,-5.401242495491422e-07,8.321887294630988e-06,10.0
T5,140,140,77,63,899,0.55,0.07889344262295082,0.13799283154121866,cao2018,S09/060317n,all_channel,median,median__all_channel__T5,32,261,"[0, 1, 2, 3, 4, 5, 6, 7, 8, 9, 10, 11, 12, 13, 14, 15, 16, 17, 18, 19, 20, 21, 22, 23, 24, 25, 26, 27, 28, 29, 30, 31, 32, 33, 34, 35, 36, 37, 38, 39, 40, 41, 42, 43, 44, 45, 46, 49, 50, 51, 52, 53, 54, 55, 56, 59, 60, 61, 67, 71, 75, 76, 78, 79, 80, 81, 82, 83, 84, 87, 91, 92, 95, 97, 99, 103, 107, 108, 112, 114, 115, 118, 123, 134, 136, 139, 140, 146, 147, 149, 150, 151, 152, 153, 156, 161, 162, 163, 164, 165, 166, 167, 168, 169, 170, 171, 172, 173, 174, 175, 176, 177, 178, 179, 180, 181, 182, 183, 184, 185, 186, 187, 188, 189, 190, 191, 192, 193, 194, 195, 196, 197, 198, 199, 200, 201, 202, 203, 204, 205, 206, 207, 208, 209, 210, 211, 212, 213, 214, 215, 216, 217, 218, 219, 220, 221, 222, 223, 224, 225, 226, 227, 228, 229, 230, 231, 232, 233, 234, 235, 236, 237, 238, 239, 240, 241, 242, 243, 244, 245, 246, 247, 248, 249, 250, 251, 252, 253, 254, 255, 256, 257, 258, 259, 260]",195,False,1.7882746606056028e-05,-2.449537930795319e-07,6.042566799711854e-06,10.0
A1,192,192,73,119,903,0.3802083333333333,0.07479508196721311,0.125,cao2018,S09/060317n,all_channel,median,median__all_channel__A1,32,261,"[0, 1, 2, 3, 4, 5, 6, 7, 8, 9, 10, 11, 12, 13, 14, 15, 16, 17, 18, 19, 20, 21, 22, 23, 24, 25, 26, 27, 28, 29, 30, 31, 32, 33, 34, 35, 36, 37, 38, 39, 40, 41, 42, 43, 44, 45, 46, 49, 50, 51, 52, 53, 54, 55, 56, 59, 60, 61, 67, 71, 75, 76, 78, 79, 80, 81, 82, 83, 84, 87, 91, 92, 95, 97, 99, 103, 107, 108, 112, 114, 115, 118, 123, 134, 136, 139, 140, 146, 147, 149, 150, 151, 152, 153, 156, 161, 162, 163, 164, 165, 166, 167, 168, 169, 170, 171, 172, 173, 174, 175, 176, 177, 178, 179, 180, 181, 182, 183, 184, 185, 186, 187, 188, 189, 190, 191, 192, 193, 194, 195, 196, 197, 198, 199, 200, 201, 202, 203, 204, 205, 206, 207, 208, 209, 210, 211, 212, 213, 214, 215, 216, 217, 218, 219, 220, 221, 222, 223, 224, 225, 226, 227, 228, 229, 230, 231, 232, 233, 234, 235, 236, 237, 238, 239, 240, 241, 242, 243, 244, 245, 246, 247, 248, 249, 250, 251, 252, 253, 254, 255, 256, 257, 258, 259, 260]",195,False,7.968267384521446e-06,-3.7480881857712625e-08,2.6685827554597195e-06,10.0
A2,175,175,69,106,907,0.3942857142857143,0.0706967213114754,0.11989574283231971,cao2018,S09/060317n,all_channel,median,median__all_channel__A2,32,261,"[0, 1, 2, 3, 4, 5, 6, 7, 8, 9, 10, 11, 12, 13, 14, 15, 16, 17, 18, 19, 20, 21, 22, 23, 24, 25, 26, 27, 28, 29, 30, 31, 32, 33, 34, 35, 36, 37, 38, 39, 40, 41, 42, 43, 44, 45, 46, 49, 50, 51, 52, 53, 54, 55, 56, 59, 60, 61, 67, 71, 75, 76, 78, 79, 80, 81, 82, 83, 84, 87, 91, 92, 95, 97, 99, 103, 107, 108, 112, 114, 115, 118, 123, 134, 136, 139, 140, 146, 147, 149, 150, 151, 152, 153, 156, 161, 162, 163, 164, 165, 166, 167, 168, 169, 170, 171, 172, 173, 174, 175, 176, 177, 178, 179, 180, 181, 182, 183, 184, 185, 186, 187, 188, 189, 190, 191, 192, 193, 194, 195, 196, 197, 198, 199, 200, 201, 202, 203, 204, 205, 206, 207, 208, 209, 210, 211, 212, 213, 214, 215, 216, 217, 218, 219, 220, 221, 222, 223, 224, 225, 226, 227, 228, 229, 230, 231, 232, 233, 234, 235, 236, 237, 238, 239, 240, 241, 242, 243, 244, 245, 246, 247, 248, 249, 250, 251, 252, 253, 254, 255, 256, 257, 258, 259, 260]",195,False,8.04322914823687e-06,3.7480881857712625e-08,2.6685827554597195e-06,10.0
PZ,104,104,52,52,924,0.5,0.05327868852459016,0.0962962962962963,cao2018,S09/060317n,all_channel,median,median__all_channel__PZ,32,261,"[0, 1, 2, 3, 4, 5, 6, 7, 8, 9, 10, 11, 12, 13, 14, 15, 16, 17, 18, 19, 20, 21, 22, 23, 24, 25, 26, 27, 28, 29, 30, 31, 32, 33, 34, 35, 36, 37, 38, 39, 40, 41, 42, 43, 44, 45, 46, 49, 50, 51, 52, 53, 54, 55, 56, 59, 60, 61, 67, 71, 75, 76, 78, 79, 80, 81, 82, 83, 84, 87, 91, 92, 95, 97, 99, 103, 107, 108, 112, 114, 115, 118, 123, 134, 136, 139, 140, 146, 147, 149, 150, 151, 152, 153, 156, 161, 162, 163, 164, 165, 166, 167, 168, 169, 170, 171, 172, 173, 174, 175, 176, 177, 178, 179, 180, 181, 182, 183, 184, 185, 186, 187, 188, 189, 190, 191, 192, 193, 194, 195, 196, 197, 198, 199, 200, 201, 202, 203, 204, 205, 206, 207, 208, 209, 210, 211, 212, 213, 214, 215, 216, 217, 218, 219, 220, 221, 222, 223, 224, 225, 226, 227, 228, 229, 230, 231, 232, 233, 234, 235, 236, 237, 238, 239, 240, 241, 242, 243, 244, 245, 246, 247, 248, 249, 250, 251, 252, 253, 254, 255, 256, 257, 258, 259, 260]",195,False,2.4902419919940227e-05,-4.2703942687377195e-07,8.443153115604667e-06,10.0
O2,72,72,34,38,942,0.4722222222222222,0.03483606557377049,0.0648854961832061,cao2018,S09/060317n,all_channel,median,median__all_channel__O2,32,261,"[0, 1, 2, 3, 4, 5, 6, 7, 8, 9, 10, 11, 12, 13, 14, 15, 16, 17, 18, 19, 20, 21, 22, 23, 24, 25, 26, 27, 28, 29, 30, 31, 32, 33, 34, 35, 36, 37, 38, 39, 40, 41, 42, 43, 44, 45, 46, 49, 50, 51, 52, 53, 54, 55, 56, 59, 60, 61, 67, 71, 75, 76, 78, 79, 80, 81, 82, 83, 84, 87, 91, 92, 95, 97, 99, 103, 107, 108, 112, 114, 115, 118, 123, 134, 136, 139, 140, 146, 147, 149, 150, 151, 152, 153, 156, 161, 162, 163, 164, 165, 166, 167, 168, 169, 170, 171, 172, 173, 174, 175, 176, 177, 178, 179, 180, 181, 182, 183, 184, 185, 186, 187, 188, 189, 190, 191, 192, 193, 194, 195, 196, 197, 198, 199, 200, 201, 202, 203, 204, 205, 206, 207, 208, 209, 210, 211, 212, 213, 214, 215, 216, 217, 218, 219, 220, 221, 222, 223, 224, 225, 226, 227, 228, 229, 230, 231, 232, 233, 234, 235, 236, 237, 238, 239, 240, 241, 242, 243, 244, 245, 246, 247, 248, 249, 250, 251, 252, 253, 254, 255, 256, 257, 258, 259, 260]",195,False,1.7081872761647046e-05,-2.3229605933939716e-07,5.771389606995481e-06,10.0
OZ,73,73,31,42,945,0.4246575342465753,0.031762295081967214,0.05910390848427073,cao2018,S09/060317n,all_channel,median,median__all_channel__OZ,32,261,"[0, 1, 2, 3, 4, 5, 6, 7, 8, 9, 10, 11, 12, 13, 14, 15, 16, 17, 18, 19, 20, 21, 22, 23, 24, 25, 26, 27, 28, 29, 30, 31, 32, 33, 34, 35, 36, 37, 38, 39, 40, 41, 42, 43, 44, 45, 46, 49, 50, 51, 52, 53, 54, 55, 56, 59, 60, 61, 67, 71, 75, 76, 78, 79, 80, 81, 82, 83, 84, 87, 91, 92, 95, 97, 99, 103, 107, 108, 112, 114, 115, 118, 123, 134, 136, 139, 140, 146, 147, 149, 150, 151, 152, 153, 156, 161, 162, 163, 164, 165, 166, 167, 168, 169, 170, 171, 172, 173, 174, 175, 176, 177, 178, 179, 180, 181, 182, 183, 184, 185, 186, 187, 188, 189, 190, 191, 192, 193, 194, 195, 196, 197, 198, 199, 200, 201, 202, 203, 204, 205, 206, 207, 208, 209, 210, 211, 212, 213, 214, 215, 216, 217, 218, 219, 220, 221, 222, 223, 224, 225, 226, 227, 228, 229, 230, 231, 232, 233, 234, 235, 236, 237, 238, 239, 240, 241, 242, 243, 244, 245, 246, 247, 248, 249, 250, 251, 252, 253, 254, 255, 256, 257, 258, 259, 260]",195,False,1.6162193081495588e-05,-2.0135386329120323e-07,5.4545156482622635e-06,10.0
O1,70,70,30,40,946,0.42857142857142855,0.030737704918032786,0.05736137667304015,cao2018,S09/060317n,all_channel,median,median__all_channel__O1,32,261,"[0, 1, 2, 3, 4, 5, 6, 7, 8, 9, 10, 11, 12, 13, 14, 15, 16, 17, 18, 19, 20, 21, 22, 23, 24, 25, 26, 27, 28, 29, 30, 31, 32, 33, 34, 35, 36, 37, 38, 39, 40, 41, 42, 43, 44, 45, 46, 49, 50, 51, 52, 53, 54, 55, 56, 59, 60, 61, 67, 71, 75, 76, 78, 79, 80, 81, 82, 83, 84, 87, 91, 92, 95, 97, 99, 103, 107, 108, 112, 114, 115, 118, 123, 134, 136, 139, 140, 146, 147, 149, 150, 151, 152, 153, 156, 161, 162, 163, 164, 165, 166, 167, 168, 169, 170, 171, 172, 173, 174, 175, 176, 177, 178, 179, 180, 181, 182, 183, 184, 185, 186, 187, 188, 189, 190, 191, 192, 193, 194, 195, 196, 197, 198, 199, 200, 201, 202, 203, 204, 205, 206, 207, 208, 209, 210, 211, 212, 213, 214, 215, 216, 217, 218, 219, 220, 221, 222, 223, 224, 225, 226, 227, 228, 229, 230, 231, 232, 233, 234, 235, 236, 237, 238, 239, 240, 241, 242, 243, 244, 245, 246, 247, 248, 249, 250, 251, 252, 253, 254, 255, 256, 257, 258, 259, 260]",195,False,1.6128929723260617e-05,-1.9125606389741457e-07,5.440061929052677e-06,10.0
FP1,1073,1073,962,111,14,0.896551724137931,0.985655737704918,0.9389946315275745,cao2018,S09/060317n,all_channel,mean,mean__all_channel__FP1,32,261,"[0, 1, 2, 3, 4, 5, 6, 7, 8, 9, 10, 11, 12, 13, 14, 15, 16, 17, 18, 19, 20, 21, 22, 23, 24, 25, 26, 27, 28, 29, 30, 31, 32, 33, 34, 35, 36, 37, 38, 39, 40, 41, 42, 43, 44, 45, 46, 49, 50, 51, 52, 53, 54, 55, 56, 59, 60, 61, 67, 71, 75, 76, 78, 79, 80, 81, 82, 83, 84, 87, 91, 92, 95, 97, 99, 103, 107, 108, 112, 114, 115, 118, 123, 134, 136, 139, 140, 146, 147, 149, 150, 151, 152, 153, 156, 161, 162, 163, 164, 165, 166, 167, 168, 169, 170, 171, 172, 173, 174, 175, 176, 177, 178, 179, 180, 181, 182, 183, 184, 185, 186, 187, 188, 189, 190, 191, 192, 193, 194, 195, 196, 197, 198, 199, 200, 201, 202, 203, 204, 205, 206, 207, 208, 209, 210, 211, 212, 213, 214, 215, 216, 217, 218, 219, 220, 221, 222, 223, 224, 225, 226, 227, 228, 229, 230, 231, 232, 233, 234, 235, 236, 237, 238, 239, 240, 241, 242, 243, 244, 245, 246, 247, 248, 249, 250, 251, 252, 253, 254, 255, 256, 257, 258, 259, 260]",195,False,6.162814932861797e-05,-7.764904776515487e-08,2.056859945879437e-05,10.0
FP2,1073,1073,960,113,16,0.8946877912395154,0.9836065573770492,0.9370424597364568,cao2018,S09/060317n,all_channel,mean,mean__all_channel__FP2,32,261,"[0, 1, 2, 3, 4, 5, 6, 7, 8, 9, 10, 11, 12, 13, 14, 15, 16, 17, 18, 19, 20, 21, 22, 23, 24, 25, 26, 27, 28, 29, 30, 31, 32, 33, 34, 35, 36, 37, 38, 39, 40, 41, 42, 43, 44, 45, 46, 49, 50, 51, 52, 53, 54, 55, 56, 59, 60, 61, 67, 71, 75, 76, 78, 79, 80, 81, 82, 83, 84, 87, 91, 92, 95, 97, 99, 103, 107, 108, 112, 114, 115, 118, 123, 134, 136, 139, 140, 146, 147, 149, 150, 151, 152, 153, 156, 161, 162, 163, 164, 165, 166, 167, 168, 169, 170, 171, 172, 173, 174, 175, 176, 177, 178, 179, 180, 181, 182, 183, 184, 185, 186, 187, 188, 189, 190, 191, 192, 193, 194, 195, 196, 197, 198, 199, 200, 201, 202, 203, 204, 205, 206, 207, 208, 209, 210, 211, 212, 213, 214, 215, 216, 217, 218, 219, 220, 221, 222, 223, 224, 225, 226, 227, 228, 229, 230, 231, 232, 233, 234, 235, 236, 237, 238, 239, 240, 241, 242, 243, 244, 245, 246, 247, 248, 249, 250, 251, 252, 253, 254, 255, 256, 257, 258, 259, 260]",195,False,5.6590986655579184e-05,-7.59975011903812e-08,1.8888994718923187e-05,10.0
FZ,750,750,685,65,291,0.9133333333333333,0.701844262295082,0.7937427578215528,cao2018,S09/060317n,all_channel,mean,mean__all_channel__FZ,32,261,"[0, 1, 2, 3, 4, 5, 6, 7, 8, 9, 10, 11, 12, 13, 14, 15, 16, 17, 18, 19, 20, 21, 22, 23, 24, 25, 26, 27, 28, 29, 30, 31, 32, 33, 34, 35, 36, 37, 38, 39, 40, 41, 42, 43, 44, 45, 46, 49, 50, 51, 52, 53, 54, 55, 56, 59, 60, 61, 67, 71, 75, 76, 78, 79, 80, 81, 82, 83, 84, 87, 91, 92, 95, 97, 99, 103, 107, 108, 112, 114, 115, 118, 123, 134, 136, 139, 140, 146, 147, 149, 150, 151, 152, 153, 156, 161, 162, 163, 164, 165, 166, 167, 168, 169, 170, 171, 172, 173, 174, 175, 176, 177, 178, 179, 180, 181, 182, 183, 184, 185, 186, 187, 188, 189, 190, 191, 192, 193, 194, 195, 196, 197, 198, 199, 200, 201, 202, 203, 204, 205, 206, 207, 208, 209, 210, 211, 212, 213, 214, 215, 216, 217, 218, 219, 220, 221, 222, 223, 224, 225, 226, 227, 228, 229, 230, 231, 232, 233, 234, 235, 236, 237, 238, 239, 240, 241, 242, 243, 244, 245, 246, 247, 248, 249, 250, 251, 252, 253, 254, 255, 256, 257, 258, 259, 260]",195,False,3.740677255936566e-05,-2.7163136203775643e-08,1.2477978565189813e-05,10.0
F3,736,736,655,81,321,0.8899456521739131,0.6711065573770492,0.7651869158878505,cao2018,S09/060317n,all_channel,mean,mean__all_channel__F3,32,261,"[0, 1, 2, 3, 4, 5, 6, 7, 8, 9, 10, 11, 12, 13, 14, 15, 16, 17, 18, 19, 20, 21, 22, 23, 24, 25, 26, 27, 28, 29, 30, 31, 32, 33, 34, 35, 36, 37, 38, 39, 40, 41, 42, 43, 44, 45, 46, 49, 50, 51, 52, 53, 54, 55, 56, 59, 60, 61, 67, 71, 75, 76, 78, 79, 80, 81, 82, 83, 84, 87, 91, 92, 95, 97, 99, 103, 107, 108, 112, 114, 115, 118, 123, 134, 136, 139, 140, 146, 147, 149, 150, 151, 152, 153, 156, 161, 162, 163, 164, 165, 166, 167, 168, 169, 170, 171, 172, 173, 174, 175, 176, 177, 178, 179, 180, 181, 182, 183, 184, 185, 186, 187, 188, 189, 190, 191, 192, 193, 194, 195, 196, 197, 198, 199, 200, 201, 202, 203, 204, 205, 206, 207, 208, 209, 210, 211, 212, 213, 214, 215, 216, 217, 218, 219, 220, 221, 222, 223, 224, 225, 226, 227, 228, 229, 230, 231, 232, 233, 234, 235, 236, 237, 238, 239, 240, 241, 242, 243, 244, 245, 246, 247, 248, 249, 250, 251, 252, 253, 254, 255, 256, 257, 258, 259, 260]",195,False,3.586015439443428e-05,-1.1164810623688952e-08,1.1957106401685991e-05,10.0
F8,771,771,636,135,340,0.8249027237354085,0.6516393442622951,0.7281053234115626,cao2018,S09/060317n,all_channel,mean,mean__all_channel__F8,32,261,"[0, 1, 2, 3, 4, 5, 6, 7, 8, 9, 10, 11, 12, 13, 14, 15, 16, 17, 18, 19, 20, 21, 22, 23, 24, 25, 26, 27, 28, 29, 30, 31, 32, 33, 34, 35, 36, 37, 38, 39, 40, 41, 42, 43, 44, 45, 46, 49, 50, 51, 52, 53, 54, 55, 56, 59, 60, 61, 67, 71, 75, 76, 78, 79, 80, 81, 82, 83, 84, 87, 91, 92, 95, 97, 99, 103, 107, 108, 112, 114, 115, 118, 123, 134, 136, 139, 140, 146, 147, 149, 150, 151, 152, 153, 156, 161, 162, 163, 164, 165, 166, 167, 168, 169, 170, 171, 172, 173, 174, 175, 176, 177, 178, 179, 180, 181, 182, 183, 184, 185, 186, 187, 188, 189, 190, 191, 192, 193, 194, 195, 196, 197, 198, 199, 200, 201, 202, 203, 204, 205, 206, 207, 208, 209, 210, 211, 212, 213, 214, 215, 216, 217, 218, 219, 220, 221, 222, 223, 224, 225, 226, 227, 228, 229, 230, 231, 232, 233, 234, 235, 236, 237, 238, 239, 240, 241, 242, 243, 244, 245, 246, 247, 248, 249, 250, 251, 252, 253, 254, 255, 256, 257, 258, 259, 260]",195,False,4.1674830384702075e-05,3.231487020253458e-08,1.388083850483318e-05,10.0
F4,685,685,596,89,380,0.8700729927007299,0.610655737704918,0.7176399759181216,cao2018,S09/060317n,all_channel,mean,mean__all_channel__F4,32,261,"[0, 1, 2, 3, 4, 5, 6, 7, 8, 9, 10, 11, 12, 13, 14, 15, 16, 17, 18, 19, 20, 21, 22, 23, 24, 25, 26, 27, 28, 29, 30, 31, 32, 33, 34, 35, 36, 37, 38, 39, 40, 41, 42, 43, 44, 45, 46, 49, 50, 51, 52, 53, 54, 55, 56, 59, 60, 61, 67, 71, 75, 76, 78, 79, 80, 81, 82, 83, 84, 87, 91, 92, 95, 97, 99, 103, 107, 108, 112, 114, 115, 118, 123, 134, 136, 139, 140, 146, 147, 149, 150, 151, 152, 153, 156, 161, 162, 163, 164, 165, 166, 167, 168, 169, 170, 171, 172, 173, 174, 175, 176, 177, 178, 179, 180, 181, 182, 183, 184, 185, 186, 187, 188, 189, 190, 191, 192, 193, 194, 195, 196, 197, 198, 199, 200, 201, 202, 203, 204, 205, 206, 207, 208, 209, 210, 211, 212, 213, 214, 215, 216, 217, 218, 219, 220, 221, 222, 223, 224, 225, 226, 227, 228, 229, 230, 231, 232, 233, 234, 235, 236, 237, 238, 239, 240, 241, 242, 243, 244, 245, 246, 247, 248, 249, 250, 251, 252, 253, 254, 255, 256, 257, 258, 259, 260]",195,False,3.79465406470476e-05,-2.711669729569364e-08,1.2657885781447762e-05,10.0
F7,657,657,563,94,413,0.8569254185692542,0.576844262295082,0.6895284751990202,cao2018,S09/060317n,all_channel,mean,mean__all_channel__F7,32,261,"[0, 1, 2, 3, 4, 5, 6, 7, 8, 9, 10, 11, 12, 13, 14, 15, 16, 17, 18, 19, 20, 21, 22, 23, 24, 25, 26, 27, 28, 29, 30, 31, 32, 33, 34, 35, 36, 37, 38, 39, 40, 41, 42, 43, 44, 45, 46, 49, 50, 51, 52, 53, 54, 55, 56, 59, 60, 61, 67, 71, 75, 76, 78, 79, 80, 81, 82, 83, 84, 87, 91, 92, 95, 97, 99, 103, 107, 108, 112, 114, 115, 118, 123, 134, 136, 139, 140, 146, 147, 149, 150, 151, 152, 153, 156, 161, 162, 163, 164, 165, 166, 167, 168, 169, 170, 171, 172, 173, 174, 175, 176, 177, 178, 179, 180, 181, 182, 183, 184, 185, 186, 187, 188, 189, 190, 191, 192, 193, 194, 195, 196, 197, 198, 199, 200, 201, 202, 203, 204, 205, 206, 207, 208, 209, 210, 211, 212, 213, 214, 215, 216, 217, 218, 219, 220, 221, 222, 223, 224, 225, 226, 227, 228, 229, 230, 231, 232, 233, 234, 235, 236, 237, 238, 239, 240, 241, 242, 243, 244, 245, 246, 247, 248, 249, 250, 251, 252, 253, 254, 255, 256, 257, 258, 259, 260]",195,False,2.7006209470294085e-05,1.035915707915539e-08,8.998616771071643e-06,10.0
FT7,648,648,553,95,423,0.8533950617283951,0.5665983606557377,0.6810344827586207,cao2018,S09/060317n,all_channel,mean,mean__all_channel__FT7,32,261,"[0, 1, 2, 3, 4, 5, 6, 7, 8, 9, 10, 11, 12, 13, 14, 15, 16, 17, 18, 19, 20, 21, 22, 23, 24, 25, 26, 27, 28, 29, 30, 31, 32, 33, 34, 35, 36, 37, 38, 39, 40, 41, 42, 43, 44, 45, 46, 49, 50, 51, 52, 53, 54, 55, 56, 59, 60, 61, 67, 71, 75, 76, 78, 79, 80, 81, 82, 83, 84, 87, 91, 92, 95, 97, 99, 103, 107, 108, 112, 114, 115, 118, 123, 134, 136, 139, 140, 146, 147, 149, 150, 151, 152, 153, 156, 161, 162, 163, 164, 165, 166, 167, 168, 169, 170, 171, 172, 173, 174, 175, 176, 177, 178, 179, 180, 181, 182, 183, 184, 185, 186, 187, 188, 189, 190, 191, 192, 193, 194, 195, 196, 197, 198, 199, 200, 201, 202, 203, 204, 205, 206, 207, 208, 209, 210, 211, 212, 213, 214, 215, 216, 217, 218, 219, 220, 221, 222, 223, 224, 225, 226, 227, 228, 229, 230, 231, 232, 233, 234, 235, 236, 237, 238, 239, 240, 241, 242, 243, 244, 245, 246, 247, 248, 249, 250, 251, 252, 253, 254, 255, 256, 257, 258, 259, 260]",195,False,2.6931067549257336e-05,1.0800379896214928e-08,8.97342238978704e-06,10.0
T3,631,631,528,103,448,0.8367670364500792,0.5409836065573771,0.657125077784692,cao2018,S09/060317n,all_channel,mean,mean__all_channel__T3,32,261,"[0, 1, 2, 3, 4, 5, 6, 7, 8, 9, 10, 11, 12, 13, 14, 15, 16, 17, 18, 19, 20, 21, 22, 23, 24, 25, 26, 27, 28, 29, 30, 31, 32, 33, 34, 35, 36, 37, 38, 39, 40, 41, 42, 43, 44, 45, 46, 49, 50, 51, 52, 53, 54, 55, 56, 59, 60, 61, 67, 71, 75, 76, 78, 79, 80, 81, 82, 83, 84, 87, 91, 92, 95, 97, 99, 103, 107, 108, 112, 114, 115, 118, 123, 134, 136, 139, 140, 146, 147, 149, 150, 151, 152, 153, 156, 161, 162, 163, 164, 165, 166, 167, 168, 169, 170, 171, 172, 173, 174, 175, 176, 177, 178, 179, 180, 181, 182, 183, 184, 185, 186, 187, 188, 189, 190, 191, 192, 193, 194, 195, 196, 197, 198, 199, 200, 201, 202, 203, 204, 205, 206, 207, 208, 209, 210, 211, 212, 213, 214, 215, 216, 217, 218, 219, 220, 221, 222, 223, 224, 225, 226, 227, 228, 229, 230, 231, 232, 233, 234, 235, 236, 237, 238, 239, 240, 241, 242, 243, 244, 245, 246, 247, 248, 249, 250, 251, 252, 253, 254, 255, 256, 257, 258, 259, 260]",195,False,2.6214325205660327e-05,1.1444330190588141e-08,8.73429362515658e-06,10.0
FC3,444,444,365,79,611,0.8220720720720721,0.3739754098360656,0.5140845070422535,cao2018,S09/060317n,all_channel,mean,mean__all_channel__FC3,32,261,"[0, 1, 2, 3, 4, 5, 6, 7, 8, 9, 10, 11, 12, 13, 14, 15, 16, 17, 18, 19, 20, 21, 22, 23, 24, 25, 26, 27, 28, 29, 30, 31, 32, 33, 34, 35, 36, 37, 38, 39, 40, 41, 42, 43, 44, 45, 46, 49, 50, 51, 52, 53, 54, 55, 56, 59, 60, 61, 67, 71, 75, 76, 78, 79, 80, 81, 82, 83, 84, 87, 91, 92, 95, 97, 99, 103, 107, 108, 112, 114, 115, 118, 123, 134, 136, 139, 140, 146, 147, 149, 150, 151, 152, 153, 156, 161, 162, 163, 164, 165, 166, 167, 168, 169, 170, 171, 172, 173, 174, 175, 176, 177, 178, 179, 180, 181, 182, 183, 184, 185, 186, 187, 188, 189, 190, 191, 192, 193, 194, 195, 196, 197, 198, 199, 200, 201, 202, 203, 204, 205, 206, 207, 208, 209, 210, 211, 212, 213, 214, 215, 216, 217, 218, 219, 220, 221, 222, 223, 224, 225, 226, 227, 228, 229, 230, 231, 232, 233, 234, 235, 236, 237, 238, 239, 240, 241, 242, 243, 244, 245, 246, 247, 248, 249, 250, 251, 252, 253, 254, 255, 256, 257, 258, 259, 260]",195,False,3.199942146168137e-05,-1.3792708797144036e-08,1.0671071390159504e-05,10.0
FT8,459,459,344,115,632,0.7494553376906318,0.3524590163934426,0.4794425087108014,cao2018,S09/060317n,all_channel,mean,mean__all_channel__FT8,32,261,"[0, 1, 2, 3, 4, 5, 6, 7, 8, 9, 10, 11, 12, 13, 14, 15, 16, 17, 18, 19, 20, 21, 22, 23, 24, 25, 26, 27, 28, 29, 30, 31, 32, 33, 34, 35, 36, 37, 38, 39, 40, 41, 42, 43, 44, 45, 46, 49, 50, 51, 52, 53, 54, 55, 56, 59, 60, 61, 67, 71, 75, 76, 78, 79, 80, 81, 82, 83, 84, 87, 91, 92, 95, 97, 99, 103, 107, 108, 112, 114, 115, 118, 123, 134, 136, 139, 140, 146, 147, 149, 150, 151, 152, 153, 156, 161, 162, 163, 164, 165, 166, 167, 168, 169, 170, 171, 172, 173, 174, 175, 176, 177, 178, 179, 180, 181, 182, 183, 184, 185, 186, 187, 188, 189, 190, 191, 192, 193, 194, 195, 196, 197, 198, 199, 200, 201, 202, 203, 204, 205, 206, 207, 208, 209, 210, 211, 212, 213, 214, 215, 216, 217, 218, 219, 220, 221, 222, 223, 224, 225, 226, 227, 228, 229, 230, 231, 232, 233, 234, 235, 236, 237, 238, 239, 240, 241, 242, 243, 244, 245, 246, 247, 248, 249, 250, 251, 252, 253, 254, 255, 256, 257, 258, 259, 260]",195,False,2.8676072093838757e-05,3.3036215031584255e-08,9.547678626269058e-06,10.0
FCZ,339,339,276,63,700,0.8141592920353983,0.2827868852459016,0.41977186311787074,cao2018,S09/060317n,all_channel,mean,mean__all_channel__FCZ,32,261,"[0, 1, 2, 3, 4, 5, 6, 7, 8, 9, 10, 11, 12, 13, 14, 15, 16, 17, 18, 19, 20, 21, 22, 23, 24, 25, 26, 27, 28, 29, 30, 31, 32, 33, 34, 35, 36, 37, 38, 39, 40, 41, 42, 43, 44, 45, 46, 49, 50, 51, 52, 53, 54, 55, 56, 59, 60, 61, 67, 71, 75, 76, 78, 79, 80, 81, 82, 83, 84, 87, 91, 92, 95, 97, 99, 103, 107, 108, 112, 114, 115, 118, 123, 134, 136, 139, 140, 146, 147, 149, 150, 151, 152, 153, 156, 161, 162, 163, 164, 165, 166, 167, 168, 169, 170, 171, 172, 173, 174, 175, 176, 177, 178, 179, 180, 181, 182, 183, 184, 185, 186, 187, 188, 189, 190, 191, 192, 193, 194, 195, 196, 197, 198, 199, 200, 201, 202, 203, 204, 205, 206, 207, 208, 209, 210, 211, 212, 213, 214, 215, 216, 217, 218, 219, 220, 221, 222, 223, 224, 225, 226, 227, 228, 229, 230, 231, 232, 233, 234, 235, 236, 237, 238, 239, 240, 241, 242, 243, 244, 245, 246, 247, 248, 249, 250, 251, 252, 253, 254, 255, 256, 257, 258, 259, 260]",195,False,3.36366761589084e-05,-1.7646808894277498e-08,1.1218107655934226e-05,10.0
T4,412,412,290,122,686,0.7038834951456311,0.29713114754098363,0.4178674351585015,cao2018,S09/060317n,all_channel,mean,mean__all_channel__T4,32,261,"[0, 1, 2, 3, 4, 5, 6, 7, 8, 9, 10, 11, 12, 13, 14, 15, 16, 17, 18, 19, 20, 21, 22, 23, 24, 25, 26, 27, 28, 29, 30, 31, 32, 33, 34, 35, 36, 37, 38, 39, 40, 41, 42, 43, 44, 45, 46, 49, 50, 51, 52, 53, 54, 55, 56, 59, 60, 61, 67, 71, 75, 76, 78, 79, 80, 81, 82, 83, 84, 87, 91, 92, 95, 97, 99, 103, 107, 108, 112, 114, 115, 118, 123, 134, 136, 139, 140, 146, 147, 149, 150, 151, 152, 153, 156, 161, 162, 163, 164, 165, 166, 167, 168, 169, 170, 171, 172, 173, 174, 175, 176, 177, 178, 179, 180, 181, 182, 183, 184, 185, 186, 187, 188, 189, 190, 191, 192, 193, 194, 195, 196, 197, 198, 199, 200, 201, 202, 203, 204, 205, 206, 207, 208, 209, 210, 211, 212, 213, 214, 215, 216, 217, 218, 219, 220, 221, 222, 223, 224, 225, 226, 227, 228, 229, 230, 231, 232, 233, 234, 235, 236, 237, 238, 239, 240, 241, 242, 243, 244, 245, 246, 247, 248, 249, 250, 251, 252, 253, 254, 255, 256, 257, 258, 259, 260]",195,False,2.7834673972916042e-05,2.8303776224635124e-08,9.268790065563802e-06,10.0
FC4,380,380,273,107,703,0.718421052631579,0.2797131147540984,0.40265486725663713,cao2018,S09/060317n,all_channel,mean,mean__all_channel__FC4,32,261,"[0, 1, 2, 3, 4, 5, 6, 7, 8, 9, 10, 11, 12, 13, 14, 15, 16, 17, 18, 19, 20, 21, 22, 23, 24, 25, 26, 27, 28, 29, 30, 31, 32, 33, 34, 35, 36, 37, 38, 39, 40, 41, 42, 43, 44, 45, 46, 49, 50, 51, 52, 53, 54, 55, 56, 59, 60, 61, 67, 71, 75, 76, 78, 79, 80, 81, 82, 83, 84, 87, 91, 92, 95, 97, 99, 103, 107, 108, 112, 114, 115, 118, 123, 134, 136, 139, 140, 146, 147, 149, 150, 151, 152, 153, 156, 161, 162, 163, 164, 165, 166, 167, 168, 169, 170, 171, 172, 173, 174, 175, 176, 177, 178, 179, 180, 181, 182, 183, 184, 185, 186, 187, 188, 189, 190, 191, 192, 193, 194, 195, 196, 197, 198, 199, 200, 201, 202, 203, 204, 205, 206, 207, 208, 209, 210, 211, 212, 213, 214, 215, 216, 217, 218, 219, 220, 221, 222, 223, 224, 225, 226, 227, 228, 229, 230, 231, 232, 233, 234, 235, 236, 237, 238, 239, 240, 241, 242, 243, 244, 245, 246, 247, 248, 249, 250, 251, 252, 253, 254, 255, 256, 257, 258, 259, 260]",195,False,3.46873492245185e-05,-2.5272930535123892e-08,1.1570874051684543e-05,10.0
C3,275,275,203,72,773,0.7381818181818182,0.20799180327868852,0.32454036770583533,cao2018,S09/060317n,all_channel,mean,mean__all_channel__C3,32,261,"[0, 1, 2, 3, 4, 5, 6, 7, 8, 9, 10, 11, 12, 13, 14, 15, 16, 17, 18, 19, 20, 21, 22, 23, 24, 25, 26, 27, 28, 29, 30, 31, 32, 33, 34, 35, 36, 37, 38, 39, 40, 41, 42, 43, 44, 45, 46, 49, 50, 51, 52, 53, 54, 55, 56, 59, 60, 61, 67, 71, 75, 76, 78, 79, 80, 81, 82, 83, 84, 87, 91, 92, 95, 97, 99, 103, 107, 108, 112, 114, 115, 118, 123, 134, 136, 139, 140, 146, 147, 149, 150, 151, 152, 153, 156, 161, 162, 163, 164, 165, 166, 167, 168, 169, 170, 171, 172, 173, 174, 175, 176, 177, 178, 179, 180, 181, 182, 183, 184, 185, 186, 187, 188, 189, 190, 191, 192, 193, 194, 195, 196, 197, 198, 199, 200, 201, 202, 203, 204, 205, 206, 207, 208, 209, 210, 211, 212, 213, 214, 215, 216, 217, 218, 219, 220, 221, 222, 223, 224, 225, 226, 227, 228, 229, 230, 231, 232, 233, 234, 235, 236, 237, 238, 239, 240, 241, 242, 243, 244, 245, 246, 247, 248, 249, 250, 251, 252, 253, 254, 255, 256, 257, 258, 259, 260]",195,False,2.8503230057517888e-05,-1.3181973446819948e-08,9.505470676988236e-06,10.0
C4,280,280,160,120,816,0.5714285714285714,0.16393442622950818,0.25477707006369427,cao2018,S09/060317n,all_channel,mean,mean__all_channel__C4,32,261,"[0, 1, 2, 3, 4, 5, 6, 7, 8, 9, 10, 11, 12, 13, 14, 15, 16, 17, 18, 19, 20, 21, 22, 23, 24, 25, 26, 27, 28, 29, 30, 31, 32, 33, 34, 35, 36, 37, 38, 39, 40, 41, 42, 43, 44, 45, 46, 49, 50, 51, 52, 53, 54, 55, 56, 59, 60, 61, 67, 71, 75, 76, 78, 79, 80, 81, 82, 83, 84, 87, 91, 92, 95, 97, 99, 103, 107, 108, 112, 114, 115, 118, 123, 134, 136, 139, 140, 146, 147, 149, 150, 151, 152, 153, 156, 161, 162, 163, 164, 165, 166, 167, 168, 169, 170, 171, 172, 173, 174, 175, 176, 177, 178, 179, 180, 181, 182, 183, 184, 185, 186, 187, 188, 189, 190, 191, 192, 193, 194, 195, 196, 197, 198, 199, 200, 201, 202, 203, 204, 205, 206, 207, 208, 209, 210, 211, 212, 213, 214, 215, 216, 217, 218, 219, 220, 221, 222, 223, 224, 225, 226, 227, 228, 229, 230, 231, 232, 233, 234, 235, 236, 237, 238, 239, 240, 241, 242, 243, 244, 245, 246, 247, 248, 249, 250, 251, 252, 253, 254, 255, 256, 257, 258, 259, 260]",195,False,3.189636451458312e-05,-3.0292304124892614e-08,1.0642218939569337e-05,10.0
CZ,196,196,130,66,846,0.6632653061224489,0.13319672131147542,0.22184300341296928,cao2018,S09/060317n,all_channel,mean,mean__all_channel__CZ,32,261,"[0, 1, 2, 3, 4, 5, 6, 7, 8, 9, 10, 11, 12, 13, 14, 15, 16, 17, 18, 19, 20, 21, 22, 23, 24, 25, 26, 27, 28, 29, 30, 31, 32, 33, 34, 35, 36, 37, 38, 39, 40, 41, 42, 43, 44, 45, 46, 49, 50, 51, 52, 53, 54, 55, 56, 59, 60, 61, 67, 71, 75, 76, 78, 79, 80, 81, 82, 83, 84, 87, 91, 92, 95, 97, 99, 103, 107, 108, 112, 114, 115, 118, 123, 134, 136, 139, 140, 146, 147, 149, 150, 151, 152, 153, 156, 161, 162, 163, 164, 165, 166, 167, 168, 169, 170, 171, 172, 173, 174, 175, 176, 177, 178, 179, 180, 181, 182, 183, 184, 185, 186, 187, 188, 189, 190, 191, 192, 193, 194, 195, 196, 197, 198, 199, 200, 201, 202, 203, 204, 205, 206, 207, 208, 209, 210, 211, 212, 213, 214, 215, 216, 217, 218, 219, 220, 221, 222, 223, 224, 225, 226, 227, 228, 229, 230, 231, 232, 233, 234, 235, 236, 237, 238, 239, 240, 241, 242, 243, 244, 245, 246, 247, 248, 249, 250, 251, 252, 253, 254, 255, 256, 257, 258, 259, 260]",195,False,3.082399807873733e-05,-1.2970741382768388e-08,1.02789896067067e-05,10.0
TP7,204,204,123,81,853,0.6029411764705882,0.1260245901639344,0.20847457627118643,cao2018,S09/060317n,all_channel,mean,mean__all_channel__TP7,32,261,"[0, 1, 2, 3, 4, 5, 6, 7, 8, 9, 10, 11, 12, 13, 14, 15, 16, 17, 18, 19, 20, 21, 22, 23, 24, 25, 26, 27, 28, 29, 30, 31, 32, 33, 34, 35, 36, 37, 38, 39, 40, 41, 42, 43, 44, 45, 46, 49, 50, 51, 52, 53, 54, 55, 56, 59, 60, 61, 67, 71, 75, 76, 78, 79, 80, 81, 82, 83, 84, 87, 91, 92, 95, 97, 99, 103, 107, 108, 112, 114, 115, 118, 123, 134, 136, 139, 140, 146, 147, 149, 150, 151, 152, 153, 156, 161, 162, 163, 164, 165, 166, 167, 168, 169, 170, 171, 172, 173, 174, 175, 176, 177, 178, 179, 180, 181, 182, 183, 184, 185, 186, 187, 188, 189, 190, 191, 192, 193, 194, 195, 196, 197, 198, 199, 200, 201, 202, 203, 204, 205, 206, 207, 208, 209, 210, 211, 212, 213, 214, 215, 216, 217, 218, 219, 220, 221, 222, 223, 224, 225, 226, 227, 228, 229, 230, 231, 232, 233, 234, 235, 236, 237, 238, 239, 240, 241, 242, 243, 244, 245, 246, 247, 248, 249, 250, 251, 252, 253, 254, 255, 256, 257, 258, 259, 260]",195,False,1.8422530556884983e-05,-9.898943927971726e-10,6.14117348375926e-06,10.0
T6,268,268,129,139,847,0.48134328358208955,0.13217213114754098,0.20739549839228294,cao2018,S09/060317n,all_channel,mean,mean__all_channel__T6,32,261,"[0, 1, 2, 3, 4, 5, 6, 7, 8, 9, 10, 11, 12, 13, 14, 15, 16, 17, 18, 19, 20, 21, 22, 23, 24, 25, 26, 27, 28, 29, 30, 31, 32, 33, 34, 35, 36, 37, 38, 39, 40, 41, 42, 43, 44, 45, 46, 49, 50, 51, 52, 53, 54, 55, 56, 59, 60, 61, 67, 71, 75, 76, 78, 79, 80, 81, 82, 83, 84, 87, 91, 92, 95, 97, 99, 103, 107, 108, 112, 114, 115, 118, 123, 134, 136, 139, 140, 146, 147, 149, 150, 151, 152, 153, 156, 161, 162, 163, 164, 165, 166, 167, 168, 169, 170, 171, 172, 173, 174, 175, 176, 177, 178, 179, 180, 181, 182, 183, 184, 185, 186, 187, 188, 189, 190, 191, 192, 193, 194, 195, 196, 197, 198, 199, 200, 201, 202, 203, 204, 205, 206, 207, 208, 209, 210, 211, 212, 213, 214, 215, 216, 217, 218, 219, 220, 221, 222, 223, 224, 225, 226, 227, 228, 229, 230, 231, 232, 233, 234, 235, 236, 237, 238, 239, 240, 241, 242, 243, 244, 245, 246, 247, 248, 249, 250, 251, 252, 253, 254, 255, 256, 257, 258, 259, 260]",195,False,1.9778642787705373e-05,9.24235708737984e-09,6.589800143539331e-06,10.0
TP8,270,270,127,143,849,0.4703703703703704,0.13012295081967212,0.20385232744783305,cao2018,S09/060317n,all_channel,mean,mean__all_channel__TP8,32,261,"[0, 1, 2, 3, 4, 5, 6, 7, 8, 9, 10, 11, 12, 13, 14, 15, 16, 17, 18, 19, 20, 21, 22, 23, 24, 25, 26, 27, 28, 29, 30, 31, 32, 33, 34, 35, 36, 37, 38, 39, 40, 41, 42, 43, 44, 45, 46, 49, 50, 51, 52, 53, 54, 55, 56, 59, 60, 61, 67, 71, 75, 76, 78, 79, 80, 81, 82, 83, 84, 87, 91, 92, 95, 97, 99, 103, 107, 108, 112, 114, 115, 118, 123, 134, 136, 139, 140, 146, 147, 149, 150, 151, 152, 153, 156, 161, 162, 163, 164, 165, 166, 167, 168, 169, 170, 171, 172, 173, 174, 175, 176, 177, 178, 179, 180, 181, 182, 183, 184, 185, 186, 187, 188, 189, 190, 191, 192, 193, 194, 195, 196, 197, 198, 199, 200, 201, 202, 203, 204, 205, 206, 207, 208, 209, 210, 211, 212, 213, 214, 215, 216, 217, 218, 219, 220, 221, 222, 223, 224, 225, 226, 227, 228, 229, 230, 231, 232, 233, 234, 235, 236, 237, 238, 239, 240, 241, 242, 243, 244, 245, 246, 247, 248, 249, 250, 251, 252, 253, 254, 255, 256, 257, 258, 259, 260]",195,False,1.9782318813739766e-05,1.096254693835629e-08,6.5904520889338035e-06,10.0
CP4,208,208,103,105,873,0.4951923076923077,0.10553278688524591,0.17398648648648649,cao2018,S09/060317n,all_channel,mean,mean__all_channel__CP4,32,261,"[0, 1, 2, 3, 4, 5, 6, 7, 8, 9, 10, 11, 12, 13, 14, 15, 16, 17, 18, 19, 20, 21, 22, 23, 24, 25, 26, 27, 28, 29, 30, 31, 32, 33, 34, 35, 36, 37, 38, 39, 40, 41, 42, 43, 44, 45, 46, 49, 50, 51, 52, 53, 54, 55, 56, 59, 60, 61, 67, 71, 75, 76, 78, 79, 80, 81, 82, 83, 84, 87, 91, 92, 95, 97, 99, 103, 107, 108, 112, 114, 115, 118, 123, 134, 136, 139, 140, 146, 147, 149, 150, 151, 152, 153, 156, 161, 162, 163, 164, 165, 166, 167, 168, 169, 170, 171, 172, 173, 174, 175, 176, 177, 178, 179, 180, 181, 182, 183, 184, 185, 186, 187, 188, 189, 190, 191, 192, 193, 194, 195, 196, 197, 198, 199, 200, 201, 202, 203, 204, 205, 206, 207, 208, 209, 210, 211, 212, 213, 214, 215, 216, 217, 218, 219, 220, 221, 222, 223, 224, 225, 226, 227, 228, 229, 230, 231, 232, 233, 234, 235, 236, 237, 238, 239, 240, 241, 242, 243, 244, 245, 246, 247, 248, 249, 250, 251, 252, 253, 254, 255, 256, 257, 258, 259, 260]",195,False,2.8226341662636466e-05,-2.2778944714543065e-08,9.41637353578367e-06,10.0
P3,138,138,88,50,888,0.6376811594202898,0.09016393442622951,0.15798922800718135,cao2018,S09/060317n,all_channel,mean,mean__all_channel__P3,32,261,"[0, 1, 2, 3, 4, 5, 6, 7, 8, 9, 10, 11, 12, 13, 14, 15, 16, 17, 18, 19, 20, 21, 22, 23, 24, 25, 26, 27, 28, 29, 30, 31, 32, 33, 34, 35, 36, 37, 38, 39, 40, 41, 42, 43, 44, 45, 46, 49, 50, 51, 52, 53, 54, 55, 56, 59, 60, 61, 67, 71, 75, 76, 78, 79, 80, 81, 82, 83, 84, 87, 91, 92, 95, 97, 99, 103, 107, 108, 112, 114, 115, 118, 123, 134, 136, 139, 140, 146, 147, 149, 150, 151, 152, 153, 156, 161, 162, 163, 164, 165, 166, 167, 168, 169, 170, 171, 172, 173, 174, 175, 176, 177, 178, 179, 180, 181, 182, 183, 184, 185, 186, 187, 188, 189, 190, 191, 192, 193, 194, 195, 196, 197, 198, 199, 200, 201, 202, 203, 204, 205, 206, 207, 208, 209, 210, 211, 212, 213, 214, 215, 216, 217, 218, 219, 220, 221, 222, 223, 224, 225, 226, 227, 228, 229, 230, 231, 232, 233, 234, 235, 236, 237, 238, 239, 240, 241, 242, 243, 244, 245, 246, 247, 248, 249, 250, 251, 252, 253, 254, 255, 256, 257, 258, 259, 260]",195,False,2.5184560394498917e-05,-1.1963468178291981e-08,8.39884128755907e-06,10.0
CP3,134,134,84,50,892,0.6268656716417911,0.0860655737704918,0.15135135135135133,cao2018,S09/060317n,all_channel,mean,mean__all_channel__CP3,32,261,"[0, 1, 2, 3, 4, 5, 6, 7, 8, 9, 10, 11, 12, 13, 14, 15, 16, 17, 18, 19, 20, 21, 22, 23, 24, 25, 26, 27, 28, 29, 30, 31, 32, 33, 34, 35, 36, 37, 38, 39, 40, 41, 42, 43, 44, 45, 46, 49, 50, 51, 52, 53, 54, 55, 56, 59, 60, 61, 67, 71, 75, 76, 78, 79, 80, 81, 82, 83, 84, 87, 91, 92, 95, 97, 99, 103, 107, 108, 112, 114, 115, 118, 123, 134, 136, 139, 140, 146, 147, 149, 150, 151, 152, 153, 156, 161, 162, 163, 164, 165, 166, 167, 168, 169, 170, 171, 172, 173, 174, 175, 176, 177, 178, 179, 180, 181, 182, 183, 184, 185, 186, 187, 188, 189, 190, 191, 192, 193, 194, 195, 196, 197, 198, 199, 200, 201, 202, 203, 204, 205, 206, 207, 208, 209, 210, 211, 212, 213, 214, 215, 216, 217, 218, 219, 220, 221, 222, 223, 224, 225, 226, 227, 228, 229, 230, 231, 232, 233, 234, 235, 236, 237, 238, 239, 240, 241, 242, 243, 244, 245, 246, 247, 248, 249, 250, 251, 252, 253, 254, 255, 256, 257, 258, 259, 260]",195,False,2.517426943295585e-05,-1.2707006650193976e-08,8.395658813202014e-06,10.0
P4,144,144,78,66,898,0.5416666666666666,0.07991803278688525,0.1392857142857143,cao2018,S09/060317n,all_channel,mean,mean__all_channel__P4,32,261,"[0, 1, 2, 3, 4, 5, 6, 7, 8, 9, 10, 11, 12, 13, 14, 15, 16, 17, 18, 19, 20, 21, 22, 23, 24, 25, 26, 27, 28, 29, 30, 31, 32, 33, 34, 35, 36, 37, 38, 39, 40, 41, 42, 43, 44, 45, 46, 49, 50, 51, 52, 53, 54, 55, 56, 59, 60, 61, 67, 71, 75, 76, 78, 79, 80, 81, 82, 83, 84, 87, 91, 92, 95, 97, 99, 103, 107, 108, 112, 114, 115, 118, 123, 134, 136, 139, 140, 146, 147, 149, 150, 151, 152, 153, 156, 161, 162, 163, 164, 165, 166, 167, 168, 169, 170, 171, 172, 173, 174, 175, 176, 177, 178, 179, 180, 181, 182, 183, 184, 185, 186, 187, 188, 189, 190, 191, 192, 193, 194, 195, 196, 197, 198, 199, 200, 201, 202, 203, 204, 205, 206, 207, 208, 209, 210, 211, 212, 213, 214, 215, 216, 217, 218, 219, 220, 221, 222, 223, 224, 225, 226, 227, 228, 229, 230, 231, 232, 233, 234, 235, 236, 237, 238, 239, 240, 241, 242, 243, 244, 245, 246, 247, 248, 249, 250, 251, 252, 253, 254, 255, 256, 257, 258, 259, 260]",195,False,2.4944318112067674e-05,-2.134377182529096e-08,8.321887294630988e-06,10.0
CPZ,137,137,75,62,901,0.5474452554744526,0.07684426229508197,0.1347708894878706,cao2018,S09/060317n,all_channel,mean,mean__all_channel__CPZ,32,261,"[0, 1, 2, 3, 4, 5, 6, 7, 8, 9, 10, 11, 12, 13, 14, 15, 16, 17, 18, 19, 20, 21, 22, 23, 24, 25, 26, 27, 28, 29, 30, 31, 32, 33, 34, 35, 36, 37, 38, 39, 40, 41, 42, 43, 44, 45, 46, 49, 50, 51, 52, 53, 54, 55, 56, 59, 60, 61, 67, 71, 75, 76, 78, 79, 80, 81, 82, 83, 84, 87, 91, 92, 95, 97, 99, 103, 107, 108, 112, 114, 115, 118, 123, 134, 136, 139, 140, 146, 147, 149, 150, 151, 152, 153, 156, 161, 162, 163, 164, 165, 166, 167, 168, 169, 170, 171, 172, 173, 174, 175, 176, 177, 178, 179, 180, 181, 182, 183, 184, 185, 186, 187, 188, 189, 190, 191, 192, 193, 194, 195, 196, 197, 198, 199, 200, 201, 202, 203, 204, 205, 206, 207, 208, 209, 210, 211, 212, 213, 214, 215, 216, 217, 218, 219, 220, 221, 222, 223, 224, 225, 226, 227, 228, 229, 230, 231, 232, 233, 234, 235, 236, 237, 238, 239, 240, 241, 242, 243, 244, 245, 246, 247, 248, 249, 250, 251, 252, 253, 254, 255, 256, 257, 258, 259, 260]",195,False,2.7767142331067973e-05,-8.27310547142748e-09,9.2584718121798e-06,10.0
T5,129,129,72,57,904,0.5581395348837209,0.07377049180327869,0.13031674208144797,cao2018,S09/060317n,all_channel,mean,mean__all_channel__T5,32,261,"[0, 1, 2, 3, 4, 5, 6, 7, 8, 9, 10, 11, 12, 13, 14, 15, 16, 17, 18, 19, 20, 21, 22, 23, 24, 25, 26, 27, 28, 29, 30, 31, 32, 33, 34, 35, 36, 37, 38, 39, 40, 41, 42, 43, 44, 45, 46, 49, 50, 51, 52, 53, 54, 55, 56, 59, 60, 61, 67, 71, 75, 76, 78, 79, 80, 81, 82, 83, 84, 87, 91, 92, 95, 97, 99, 103, 107, 108, 112, 114, 115, 118, 123, 134, 136, 139, 140, 146, 147, 149, 150, 151, 152, 153, 156, 161, 162, 163, 164, 165, 166, 167, 168, 169, 170, 171, 172, 173, 174, 175, 176, 177, 178, 179, 180, 181, 182, 183, 184, 185, 186, 187, 188, 189, 190, 191, 192, 193, 194, 195, 196, 197, 198, 199, 200, 201, 202, 203, 204, 205, 206, 207, 208, 209, 210, 211, 212, 213, 214, 215, 216, 217, 218, 219, 220, 221, 222, 223, 224, 225, 226, 227, 228, 229, 230, 231, 232, 233, 234, 235, 236, 237, 238, 239, 240, 241, 242, 243, 244, 245, 246, 247, 248, 249, 250, 251, 252, 253, 254, 255, 256, 257, 258, 259, 260]",195,False,1.8121637428826714e-05,-6.062970308846725e-09,6.042566799711854e-06,10.0
A1,190,190,73,117,903,0.38421052631578945,0.07479508196721311,0.12521440823327615,cao2018,S09/060317n,all_channel,mean,mean__all_channel__A1,32,261,"[0, 1, 2, 3, 4, 5, 6, 7, 8, 9, 10, 11, 12, 13, 14, 15, 16, 17, 18, 19, 20, 21, 22, 23, 24, 25, 26, 27, 28, 29, 30, 31, 32, 33, 34, 35, 36, 37, 38, 39, 40, 41, 42, 43, 44, 45, 46, 49, 50, 51, 52, 53, 54, 55, 56, 59, 60, 61, 67, 71, 75, 76, 78, 79, 80, 81, 82, 83, 84, 87, 91, 92, 95, 97, 99, 103, 107, 108, 112, 114, 115, 118, 123, 134, 136, 139, 140, 146, 147, 149, 150, 151, 152, 153, 156, 161, 162, 163, 164, 165, 166, 167, 168, 169, 170, 171, 172, 173, 174, 175, 176, 177, 178, 179, 180, 181, 182, 183, 184, 185, 186, 187, 188, 189, 190, 191, 192, 193, 194, 195, 196, 197, 198, 199, 200, 201, 202, 203, 204, 205, 206, 207, 208, 209, 210, 211, 212, 213, 214, 215, 216, 217, 218, 219, 220, 221, 222, 223, 224, 225, 226, 227, 228, 229, 230, 231, 232, 233, 234, 235, 236, 237, 238, 239, 240, 241, 242, 243, 244, 245, 246, 247, 248, 249, 250, 251, 252, 253, 254, 255, 256, 257, 258, 259, 260]",195,False,7.999507321870429e-06,-6.240944508729577e-09,2.6685827554597195e-06,10.0
A2,176,176,69,107,907,0.39204545454545453,0.0706967213114754,0.11979166666666666,cao2018,S09/060317n,all_channel,mean,mean__all_channel__A2,32,261,"[0, 1, 2, 3, 4, 5, 6, 7, 8, 9, 10, 11, 12, 13, 14, 15, 16, 17, 18, 19, 20, 21, 22, 23, 24, 25, 26, 27, 28, 29, 30, 31, 32, 33, 34, 35, 36, 37, 38, 39, 40, 41, 42, 43, 44, 45, 46, 49, 50, 51, 52, 53, 54, 55, 56, 59, 60, 61, 67, 71, 75, 76, 78, 79, 80, 81, 82, 83, 84, 87, 91, 92, 95, 97, 99, 103, 107, 108, 112, 114, 115, 118, 123, 134, 136, 139, 140, 146, 147, 149, 150, 151, 152, 153, 156, 161, 162, 163, 164, 165, 166, 167, 168, 169, 170, 171, 172, 173, 174, 175, 176, 177, 178, 179, 180, 181, 182, 183, 184, 185, 186, 187, 188, 189, 190, 191, 192, 193, 194, 195, 196, 197, 198, 199, 200, 201, 202, 203, 204, 205, 206, 207, 208, 209, 210, 211, 212, 213, 214, 215, 216, 217, 218, 219, 220, 221, 222, 223, 224, 225, 226, 227, 228, 229, 230, 231, 232, 233, 234, 235, 236, 237, 238, 239, 240, 241, 242, 243, 244, 245, 246, 247, 248, 249, 250, 251, 252, 253, 254, 255, 256, 257, 258, 259, 260]",195,False,8.011989210887887e-06,6.240944508729577e-09,2.6685827554597195e-06,10.0
PZ,97,97,48,49,928,0.4948453608247423,0.04918032786885246,0.08946877912395153,cao2018,S09/060317n,all_channel,mean,mean__all_channel__PZ,32,261,"[0, 1, 2, 3, 4, 5, 6, 7, 8, 9, 10, 11, 12, 13, 14, 15, 16, 17, 18, 19, 20, 21, 22, 23, 24, 25, 26, 27, 28, 29, 30, 31, 32, 33, 34, 35, 36, 37, 38, 39, 40, 41, 42, 43, 44, 45, 46, 49, 50, 51, 52, 53, 54, 55, 56, 59, 60, 61, 67, 71, 75, 76, 78, 79, 80, 81, 82, 83, 84, 87, 91, 92, 95, 97, 99, 103, 107, 108, 112, 114, 115, 118, 123, 134, 136, 139, 140, 146, 147, 149, 150, 151, 152, 153, 156, 161, 162, 163, 164, 165, 166, 167, 168, 169, 170, 171, 172, 173, 174, 175, 176, 177, 178, 179, 180, 181, 182, 183, 184, 185, 186, 187, 188, 189, 190, 191, 192, 193, 194, 195, 196, 197, 198, 199, 200, 201, 202, 203, 204, 205, 206, 207, 208, 209, 210, 211, 212, 213, 214, 215, 216, 217, 218, 219, 220, 221, 222, 223, 224, 225, 226, 227, 228, 229, 230, 231, 232, 233, 234, 235, 236, 237, 238, 239, 240, 241, 242, 243, 244, 245, 246, 247, 248, 249, 250, 251, 252, 253, 254, 255, 256, 257, 258, 259, 260]",195,False,2.532048896673346e-05,-8.970380080536555e-09,8.443153115604667e-06,10.0
O2,70,70,33,37,943,0.4714285714285714,0.03381147540983607,0.06309751434034418,cao2018,S09/060317n,all_channel,mean,mean__all_channel__O2,32,261,"[0, 1, 2, 3, 4, 5, 6, 7, 8, 9, 10, 11, 12, 13, 14, 15, 16, 17, 18, 19, 20, 21, 22, 23, 24, 25, 26, 27, 28, 29, 30, 31, 32, 33, 34, 35, 36, 37, 38, 39, 40, 41, 42, 43, 44, 45, 46, 49, 50, 51, 52, 53, 54, 55, 56, 59, 60, 61, 67, 71, 75, 76, 78, 79, 80, 81, 82, 83, 84, 87, 91, 92, 95, 97, 99, 103, 107, 108, 112, 114, 115, 118, 123, 134, 136, 139, 140, 146, 147, 149, 150, 151, 152, 153, 156, 161, 162, 163, 164, 165, 166, 167, 168, 169, 170, 171, 172, 173, 174, 175, 176, 177, 178, 179, 180, 181, 182, 183, 184, 185, 186, 187, 188, 189, 190, 191, 192, 193, 194, 195, 196, 197, 198, 199, 200, 201, 202, 203, 204, 205, 206, 207, 208, 209, 210, 211, 212, 213, 214, 215, 216, 217, 218, 219, 220, 221, 222, 223, 224, 225, 226, 227, 228, 229, 230, 231, 232, 233, 234, 235, 236, 237, 238, 239, 240, 241, 242, 243, 244, 245, 246, 247, 248, 249, 250, 251, 252, 253, 254, 255, 256, 257, 258, 259, 260]",195,False,1.7312041156285827e-05,-2.1276647006157594e-09,5.771389606995481e-06,10.0
OZ,69,69,31,38,945,0.4492753623188406,0.031762295081967214,0.05933014354066986,cao2018,S09/060317n,all_channel,mean,mean__all_channel__OZ,32,261,"[0, 1, 2, 3, 4, 5, 6, 7, 8, 9, 10, 11, 12, 13, 14, 15, 16, 17, 18, 19, 20, 21, 22, 23, 24, 25, 26, 27, 28, 29, 30, 31, 32, 33, 34, 35, 36, 37, 38, 39, 40, 41, 42, 43, 44, 45, 46, 49, 50, 51, 52, 53, 54, 55, 56, 59, 60, 61, 67, 71, 75, 76, 78, 79, 80, 81, 82, 83, 84, 87, 91, 92, 95, 97, 99, 103, 107, 108, 112, 114, 115, 118, 123, 134, 136, 139, 140, 146, 147, 149, 150, 151, 152, 153, 156, 161, 162, 163, 164, 165, 166, 167, 168, 169, 170, 171, 172, 173, 174, 175, 176, 177, 178, 179, 180, 181, 182, 183, 184, 185, 186, 187, 188, 189, 190, 191, 192, 193, 194, 195, 196, 197, 198, 199, 200, 201, 202, 203, 204, 205, 206, 207, 208, 209, 210, 211, 212, 213, 214, 215, 216, 217, 218, 219, 220, 221, 222, 223, 224, 225, 226, 227, 228, 229, 230, 231, 232, 233, 234, 235, 236, 237, 238, 239, 240, 241, 242, 243, 244, 245, 246, 247, 248, 249, 250, 251, 252, 253, 254, 255, 256, 257, 258, 259, 260]",195,False,1.6358084350834807e-05,-5.462593951982831e-09,5.4545156482622635e-06,10.0
O1,69,69,29,40,947,0.42028985507246375,0.02971311475409836,0.0555023923444976,cao2018,S09/060317n,all_channel,mean,mean__all_channel__O1,32,261,"[0, 1, 2, 3, 4, 5, 6, 7, 8, 9, 10, 11, 12, 13, 14, 15, 16, 17, 18, 19, 20, 21, 22, 23, 24, 25, 26, 27, 28, 29, 30, 31, 32, 33, 34, 35, 36, 37, 38, 39, 40, 41, 42, 43, 44, 45, 46, 49, 50, 51, 52, 53, 54, 55, 56, 59, 60, 61, 67, 71, 75, 76, 78, 79, 80, 81, 82, 83, 84, 87, 91, 92, 95, 97, 99, 103, 107, 108, 112, 114, 115, 118, 123, 134, 136, 139, 140, 146, 147, 149, 150, 151, 152, 153, 156, 161, 162, 163, 164, 165, 166, 167, 168, 169, 170, 171, 172, 173, 174, 175, 176, 177, 178, 179, 180, 181, 182, 183, 184, 185, 186, 187, 188, 189, 190, 191, 192, 193, 194, 195, 196, 197, 198, 199, 200, 201, 202, 203, 204, 205, 206, 207, 208, 209, 210, 211, 212, 213, 214, 215, 216, 217, 218, 219, 220, 221, 222, 223, 224, 225, 226, 227, 228, 229, 230, 231, 232, 233, 234, 235, 236, 237, 238, 239, 240, 241, 242, 243, 244, 245, 246, 247, 248, 249, 250, 251, 252, 253, 254, 255, 256, 257, 258, 259, 260]",195,False,1.6316343670978165e-05,-3.842116179866056e-09,5.440061929052677e-06,10.0
FP1,1078,1078,963,115,13,0.8933209647495362,0.9866803278688525,0.937682570593963,cao2018,S09/060317n,frontal,median,median__frontal__FP1,4,261,"[0, 1, 2, 3, 4, 5, 6, 7, 8, 9, 10, 11, 12, 13, 14, 15, 16, 17, 18, 19, 20, 21, 22, 23, 24, 25, 26, 27, 28, 29, 30, 31, 32, 33, 34, 35, 36, 37, 38, 39, 40, 41, 42, 43, 44, 45, 46, 49, 51, 52, 53, 54, 61, 71, 75, 78, 79, 80, 81, 82, 83, 84, 91, 92, 97, 112, 118, 123, 134, 139, 149, 150, 151, 162, 163, 164, 165, 166, 167, 168, 169, 170, 171, 172, 173, 174, 175, 176, 177, 178, 179, 180, 181, 182, 183, 184, 185, 186, 187, 188, 189, 190, 191, 192, 193, 194, 195, 196, 197, 198, 199, 200, 201, 202, 203, 204, 205, 206, 207, 208, 209, 210, 211, 212, 213, 214, 215, 216, 217, 218, 219, 220, 221, 222, 223, 224, 225, 226, 227, 228, 229, 230, 231, 232, 233, 234, 235, 236, 237, 238, 239, 240, 241, 242, 243, 244, 245, 246, 247, 248, 249, 250, 251, 252, 253, 254, 255, 256, 257, 258, 259, 260]",172,False,5.962104037720272e-05,-7.062229148760784e-06,2.2227756508654503e-05,10.0
FP2,1087,1087,961,126,15,0.8840846366145354,0.9846311475409836,0.9316529326223945,cao2018,S09/060317n,frontal,median,median__frontal__FP2,4,261,"[0, 1, 2, 3, 4, 5, 6, 7, 8, 9, 10, 11, 12, 13, 14, 15, 16, 17, 18, 19, 20, 21, 22, 23, 24, 25, 26, 27, 28, 29, 30, 31, 32, 33, 34, 35, 36, 37, 38, 39, 40, 41, 42, 43, 44, 45, 46, 49, 51, 52, 53, 54, 61, 71, 75, 78, 79, 80, 81, 82, 83, 84, 91, 92, 97, 112, 118, 123, 134, 139, 149, 150, 151, 162, 163, 164, 165, 166, 167, 168, 169, 170, 171, 172, 173, 174, 175, 176, 177, 178, 179, 180, 181, 182, 183, 184, 185, 186, 187, 188, 189, 190, 191, 192, 193, 194, 195, 196, 197, 198, 199, 200, 201, 202, 203, 204, 205, 206, 207, 208, 209, 210, 211, 212, 213, 214, 215, 216, 217, 218, 219, 220, 221, 222, 223, 224, 225, 226, 227, 228, 229, 230, 231, 232, 233, 234, 235, 236, 237, 238, 239, 240, 241, 242, 243, 244, 245, 246, 247, 248, 249, 250, 251, 252, 253, 254, 255, 256, 257, 258, 259, 260]",172,False,5.470796590176833e-05,-6.4301989610848e-06,2.0379388287617712e-05,10.0
F3,765,765,679,86,297,0.8875816993464052,0.6956967213114754,0.7800114876507755,cao2018,S09/060317n,frontal,median,median__frontal__F3,4,261,"[0, 1, 2, 3, 4, 5, 6, 7, 8, 9, 10, 11, 12, 13, 14, 15, 16, 17, 18, 19, 20, 21, 22, 23, 24, 25, 26, 27, 28, 29, 30, 31, 32, 33, 34, 35, 36, 37, 38, 39, 40, 41, 42, 43, 44, 45, 46, 49, 51, 52, 53, 54, 61, 71, 75, 78, 79, 80, 81, 82, 83, 84, 91, 92, 97, 112, 118, 123, 134, 139, 149, 150, 151, 162, 163, 164, 165, 166, 167, 168, 169, 170, 171, 172, 173, 174, 175, 176, 177, 178, 179, 180, 181, 182, 183, 184, 185, 186, 187, 188, 189, 190, 191, 192, 193, 194, 195, 196, 197, 198, 199, 200, 201, 202, 203, 204, 205, 206, 207, 208, 209, 210, 211, 212, 213, 214, 215, 216, 217, 218, 219, 220, 221, 222, 223, 224, 225, 226, 227, 228, 229, 230, 231, 232, 233, 234, 235, 236, 237, 238, 239, 240, 241, 242, 243, 244, 245, 246, 247, 248, 249, 250, 251, 252, 253, 254, 255, 256, 257, 258, 259, 260]",172,False,3.4943562864365055e-05,-1.964274712368913e-06,1.230261252557799e-05,10.0
F4,707,707,616,91,360,0.8712871287128713,0.6311475409836066,0.7320261437908496,cao2018,S09/060317n,frontal,median,median__frontal__F4,4,261,"[0, 1, 2, 3, 4, 5, 6, 7, 8, 9, 10, 11, 12, 13, 14, 15, 16, 17, 18, 19, 20, 21, 22, 23, 24, 25, 26, 27, 28, 29, 30, 31, 32, 33, 34, 35, 36, 37, 38, 39, 40, 41, 42, 43, 44, 45, 46, 49, 51, 52, 53, 54, 61, 71, 75, 78, 79, 80, 81, 82, 83, 84, 91, 92, 97, 112, 118, 123, 134, 139, 149, 150, 151, 162, 163, 164, 165, 166, 167, 168, 169, 170, 171, 172, 173, 174, 175, 176, 177, 178, 179, 180, 181, 182, 183, 184, 185, 186, 187, 188, 189, 190, 191, 192, 193, 194, 195, 196, 197, 198, 199, 200, 201, 202, 203, 204, 205, 206, 207, 208, 209, 210, 211, 212, 213, 214, 215, 216, 217, 218, 219, 220, 221, 222, 223, 224, 225, 226, 227, 228, 229, 230, 231, 232, 233, 234, 235, 236, 237, 238, 239, 240, 241, 242, 243, 244, 245, 246, 247, 248, 249, 250, 251, 252, 253, 254, 255, 256, 257, 258, 259, 260]",172,False,3.7105253869904175e-05,-2.160718882535875e-06,1.3088657584146685e-05,10.0
FP2,1059,1059,957,102,19,0.9036827195467422,0.9805327868852459,0.9405405405405405,cao2018,S09/060317n,frontal,mean,mean__frontal__FP2,4,261,"[0, 1, 2, 3, 4, 5, 6, 7, 8, 9, 10, 11, 12, 13, 14, 15, 16, 17, 18, 19, 20, 21, 22, 23, 24, 25, 26, 27, 28, 29, 30, 31, 32, 33, 34, 35, 36, 37, 38, 39, 40, 41, 42, 43, 44, 45, 46, 49, 51, 52, 53, 54, 61, 71, 75, 78, 79, 80, 81, 82, 83, 84, 91, 92, 97, 112, 118, 123, 134, 139, 149, 150, 151, 162, 163, 164, 165, 166, 167, 168, 169, 170, 171, 172, 173, 174, 175, 176, 177, 178, 179, 180, 181, 182, 183, 184, 185, 186, 187, 188, 189, 190, 191, 192, 193, 194, 195, 196, 197, 198, 199, 200, 201, 202, 203, 204, 205, 206, 207, 208, 209, 210, 211, 212, 213, 214, 215, 216, 217, 218, 219, 220, 221, 222, 223, 224, 225, 226, 227, 228, 229, 230, 231, 232, 233, 234, 235, 236, 237, 238, 239, 240, 241, 242, 243, 244, 245, 246, 247, 248, 249, 250, 251, 252, 253, 254, 255, 256, 257, 258, 259, 260]",172,False,6.104733972208053e-05,-9.082514077259254e-08,2.0379388287617712e-05,10.0
FP1,1059,1059,956,103,20,0.902738432483475,0.9795081967213115,0.9395577395577397,cao2018,S09/060317n,frontal,mean,mean__frontal__FP1,4,261,"[0, 1, 2, 3, 4, 5, 6, 7, 8, 9, 10, 11, 12, 13, 14, 15, 16, 17, 18, 19, 20, 21, 22, 23, 24, 25, 26, 27, 28, 29, 30, 31, 32, 33, 34, 35, 36, 37, 38, 39, 40, 41, 42, 43, 44, 45, 46, 49, 51, 52, 53, 54, 61, 71, 75, 78, 79, 80, 81, 82, 83, 84, 91, 92, 97, 112, 118, 123, 134, 139, 149, 150, 151, 162, 163, 164, 165, 166, 167, 168, 169, 170, 171, 172, 173, 174, 175, 176, 177, 178, 179, 180, 181, 182, 183, 184, 185, 186, 187, 188, 189, 190, 191, 192, 193, 194, 195, 196, 197, 198, 199, 200, 201, 202, 203, 204, 205, 206, 207, 208, 209, 210, 211, 212, 213, 214, 215, 216, 217, 218, 219, 220, 221, 222, 223, 224, 225, 226, 227, 228, 229, 230, 231, 232, 233, 234, 235, 236, 237, 238, 239, 240, 241, 242, 243, 244, 245, 246, 247, 248, 249, 250, 251, 252, 253, 254, 255, 256, 257, 258, 259, 260]",172,False,6.658884053590927e-05,-9.442899005422957e-08,2.2227756508654503e-05,10.0
F3,702,702,627,75,349,0.8931623931623932,0.6424180327868853,0.7473182359952324,cao2018,S09/060317n,frontal,mean,mean__frontal__F3,4,261,"[0, 1, 2, 3, 4, 5, 6, 7, 8, 9, 10, 11, 12, 13, 14, 15, 16, 17, 18, 19, 20, 21, 22, 23, 24, 25, 26, 27, 28, 29, 30, 31, 32, 33, 34, 35, 36, 37, 38, 39, 40, 41, 42, 43, 44, 45, 46, 49, 51, 52, 53, 54, 61, 71, 75, 78, 79, 80, 81, 82, 83, 84, 91, 92, 97, 112, 118, 123, 134, 139, 149, 150, 151, 162, 163, 164, 165, 166, 167, 168, 169, 170, 171, 172, 173, 174, 175, 176, 177, 178, 179, 180, 181, 182, 183, 184, 185, 186, 187, 188, 189, 190, 191, 192, 193, 194, 195, 196, 197, 198, 199, 200, 201, 202, 203, 204, 205, 206, 207, 208, 209, 210, 211, 212, 213, 214, 215, 216, 217, 218, 219, 220, 221, 222, 223, 224, 225, 226, 227, 228, 229, 230, 231, 232, 233, 234, 235, 236, 237, 238, 239, 240, 241, 242, 243, 244, 245, 246, 247, 248, 249, 250, 251, 252, 253, 254, 255, 256, 257, 258, 259, 260]",172,False,3.6890989476066804e-05,-1.684810066716293e-08,1.230261252557799e-05,10.0
F4,636,636,551,85,425,0.8663522012578616,0.5645491803278688,0.683622828784119,cao2018,S09/060317n,frontal,mean,mean__frontal__F4,4,261,"[0, 1, 2, 3, 4, 5, 6, 7, 8, 9, 10, 11, 12, 13, 14, 15, 16, 17, 18, 19, 20, 21, 22, 23, 24, 25, 26, 27, 28, 29, 30, 31, 32, 33, 34, 35, 36, 37, 38, 39, 40, 41, 42, 43, 44, 45, 46, 49, 51, 52, 53, 54, 61, 71, 75, 78, 79, 80, 81, 82, 83, 84, 91, 92, 97, 112, 118, 123, 134, 139, 149, 150, 151, 162, 163, 164, 165, 166, 167, 168, 169, 170, 171, 172, 173, 174, 175, 176, 177, 178, 179, 180, 181, 182, 183, 184, 185, 186, 187, 188, 189, 190, 191, 192, 193, 194, 195, 196, 197, 198, 199, 200, 201, 202, 203, 204, 205, 206, 207, 208, 209, 210, 211, 212, 213, 214, 215, 216, 217, 218, 219, 220, 221, 222, 223, 224, 225, 226, 227, 228, 229, 230, 231, 232, 233, 234, 235, 236, 237, 238, 239, 240, 241, 242, 243, 244, 245, 246, 247, 248, 249, 250, 251, 252, 253, 254, 255, 256, 257, 258, 259, 260]",172,False,3.922790406981503e-05,-3.80686826250184e-08,1.3088657584146685e-05,10.0
FP1,1069,1069,962,107,14,0.8999064546304958,0.985655737704918,0.9408312958435208,cao2018,S09/060317n,frontal_left,median,median__frontal_left__FP1,2,261,"[0, 1, 2, 3, 4, 5, 6, 7, 8, 9, 12, 13, 14, 15, 16, 17, 18, 19, 20, 21, 22, 23, 24, 25, 26, 27, 28, 29, 30, 31, 32, 33, 34, 35, 36, 38, 40, 41, 42, 44, 45, 49, 51, 52, 79, 80, 81, 82, 83, 84, 91, 123, 150, 163, 164, 165, 166, 167, 168, 169, 170, 171, 172, 173, 174, 175, 176, 177, 178, 179, 180, 181, 182, 183, 184, 185, 186, 187, 188, 189, 190, 191, 192, 193, 194, 195, 196, 197, 198, 199, 200, 201, 202, 203, 204, 205, 206, 207, 208, 209, 210, 211, 212, 213, 214, 215, 216, 217, 218, 219, 220, 221, 222, 223, 224, 225, 226, 227, 228, 229, 230, 231, 232, 233, 234, 235, 236, 237, 238, 239, 240, 241, 242, 243, 244, 245, 246, 247, 248, 249, 250, 251, 252, 253, 254, 255, 256, 257, 258, 259, 260]",151,False,6.2563520994209e-05,-8.684550540248288e-06,2.374935717815243e-05,10.0
F3,730,730,650,80,326,0.8904109589041096,0.6659836065573771,0.7620164126611958,cao2018,S09/060317n,frontal_left,median,median__frontal_left__F3,2,261,"[0, 1, 2, 3, 4, 5, 6, 7, 8, 9, 12, 13, 14, 15, 16, 17, 18, 19, 20, 21, 22, 23, 24, 25, 26, 27, 28, 29, 30, 31, 32, 33, 34, 35, 36, 38, 40, 41, 42, 44, 45, 49, 51, 52, 79, 80, 81, 82, 83, 84, 91, 123, 150, 163, 164, 165, 166, 167, 168, 169, 170, 171, 172, 173, 174, 175, 176, 177, 178, 179, 180, 181, 182, 183, 184, 185, 186, 187, 188, 189, 190, 191, 192, 193, 194, 195, 196, 197, 198, 199, 200, 201, 202, 203, 204, 205, 206, 207, 208, 209, 210, 211, 212, 213, 214, 215, 216, 217, 218, 219, 220, 221, 222, 223, 224, 225, 226, 227, 228, 229, 230, 231, 232, 233, 234, 235, 236, 237, 238, 239, 240, 241, 242, 243, 244, 245, 246, 247, 248, 249, 250, 251, 252, 253, 254, 255, 256, 257, 258, 259, 260]",151,False,3.602546404743056e-05,-2.249183301108459e-06,1.2758215782846343e-05,10.0
FP1,1040,1040,954,86,22,0.9173076923076923,0.9774590163934426,0.9464285714285714,cao2018,S09/060317n,frontal_left,mean,mean__frontal_left__FP1,2,261,"[0, 1, 2, 3, 4, 5, 6, 7, 8, 9, 12, 13, 14, 15, 16, 17, 18, 19, 20, 21, 22, 23, 24, 25, 26, 27, 28, 29, 30, 31, 32, 33, 34, 35, 36, 38, 40, 41, 42, 44, 45, 49, 51, 52, 79, 80, 81, 82, 83, 84, 91, 123, 150, 163, 164, 165, 166, 167, 168, 169, 170, 171, 172, 173, 174, 175, 176, 177, 178, 179, 180, 181, 182, 183, 184, 185, 186, 187, 188, 189, 190, 191, 192, 193, 194, 195, 196, 197, 198, 199, 200, 201, 202, 203, 204, 205, 206, 207, 208, 209, 210, 211, 212, 213, 214, 215, 216, 217, 218, 219, 220, 221, 222, 223, 224, 225, 226, 227, 228, 229, 230, 231, 232, 233, 234, 235, 236, 237, 238, 239, 240, 241, 242, 243, 244, 245, 246, 247, 248, 249, 250, 251, 252, 253, 254, 255, 256, 257, 258, 259, 260]",151,False,7.113312093011504e-05,-1.1495060434225348e-07,2.374935717815243e-05,10.0
F3,666,666,598,68,378,0.8978978978978979,0.6127049180327869,0.728380024360536,cao2018,S09/060317n,frontal_left,mean,mean__frontal_left__F3,2,261,"[0, 1, 2, 3, 4, 5, 6, 7, 8, 9, 12, 13, 14, 15, 16, 17, 18, 19, 20, 21, 22, 23, 24, 25, 26, 27, 28, 29, 30, 31, 32, 33, 34, 35, 36, 38, 40, 41, 42, 44, 45, 49, 51, 52, 79, 80, 81, 82, 83, 84, 91, 123, 150, 163, 164, 165, 166, 167, 168, 169, 170, 171, 172, 173, 174, 175, 176, 177, 178, 179, 180, 181, 182, 183, 184, 185, 186, 187, 188, 189, 190, 191, 192, 193, 194, 195, 196, 197, 198, 199, 200, 201, 202, 203, 204, 205, 206, 207, 208, 209, 210, 211, 212, 213, 214, 215, 216, 217, 218, 219, 220, 221, 222, 223, 224, 225, 226, 227, 228, 229, 230, 231, 232, 233, 234, 235, 236, 237, 238, 239, 240, 241, 242, 243, 244, 245, 246, 247, 248, 249, 250, 251, 252, 253, 254, 255, 256, 257, 258, 259, 260]",151,False,3.8248273907801575e-05,-2.6373440737448952e-08,1.2758215782846343e-05,10.0
FP2,1087,1087,961,126,15,0.8840846366145354,0.9846311475409836,0.9316529326223945,cao2018,S09/060317n,frontal_right,median,median__frontal_right__FP2,2,261,"[0, 1, 2, 3, 4, 5, 6, 7, 8, 9, 10, 11, 12, 13, 14, 15, 16, 17, 18, 19, 20, 21, 22, 23, 24, 25, 26, 27, 28, 29, 30, 31, 32, 33, 34, 35, 36, 37, 38, 39, 40, 41, 42, 43, 44, 45, 46, 49, 51, 52, 53, 54, 61, 71, 75, 78, 79, 80, 81, 82, 83, 84, 91, 92, 97, 112, 118, 123, 134, 139, 149, 150, 151, 162, 163, 164, 165, 166, 167, 168, 169, 170, 171, 172, 173, 174, 175, 176, 177, 178, 179, 180, 181, 182, 183, 184, 185, 186, 187, 188, 189, 190, 191, 192, 193, 194, 195, 196, 197, 198, 199, 200, 201, 202, 203, 204, 205, 206, 207, 208, 209, 210, 211, 212, 213, 214, 215, 216, 217, 218, 219, 220, 221, 222, 223, 224, 225, 226, 227, 228, 229, 230, 231, 232, 233, 234, 235, 236, 237, 238, 239, 240, 241, 242, 243, 244, 245, 246, 247, 248, 249, 250, 251, 252, 253, 254, 255, 256, 257, 258, 259, 260]",172,False,5.470796590176833e-05,-6.4301989610848e-06,2.0379388287617712e-05,10.0
F4,707,707,616,91,360,0.8712871287128713,0.6311475409836066,0.7320261437908496,cao2018,S09/060317n,frontal_right,median,median__frontal_right__F4,2,261,"[0, 1, 2, 3, 4, 5, 6, 7, 8, 9, 10, 11, 12, 13, 14, 15, 16, 17, 18, 19, 20, 21, 22, 23, 24, 25, 26, 27, 28, 29, 30, 31, 32, 33, 34, 35, 36, 37, 38, 39, 40, 41, 42, 43, 44, 45, 46, 49, 51, 52, 53, 54, 61, 71, 75, 78, 79, 80, 81, 82, 83, 84, 91, 92, 97, 112, 118, 123, 134, 139, 149, 150, 151, 162, 163, 164, 165, 166, 167, 168, 169, 170, 171, 172, 173, 174, 175, 176, 177, 178, 179, 180, 181, 182, 183, 184, 185, 186, 187, 188, 189, 190, 191, 192, 193, 194, 195, 196, 197, 198, 199, 200, 201, 202, 203, 204, 205, 206, 207, 208, 209, 210, 211, 212, 213, 214, 215, 216, 217, 218, 219, 220, 221, 222, 223, 224, 225, 226, 227, 228, 229, 230, 231, 232, 233, 234, 235, 236, 237, 238, 239, 240, 241, 242, 243, 244, 245, 246, 247, 248, 249, 250, 251, 252, 253, 254, 255, 256, 257, 258, 259, 260]",172,False,3.7105253869904175e-05,-2.160718882535875e-06,1.3088657584146685e-05,10.0
FP2,1059,1059,957,102,19,0.9036827195467422,0.9805327868852459,0.9405405405405405,cao2018,S09/060317n,frontal_right,mean,mean__frontal_right__FP2,2,261,"[0, 1, 2, 3, 4, 5, 6, 7, 8, 9, 10, 11, 12, 13, 14, 15, 16, 17, 18, 19, 20, 21, 22, 23, 24, 25, 26, 27, 28, 29, 30, 31, 32, 33, 34, 35, 36, 37, 38, 39, 40, 41, 42, 43, 44, 45, 46, 49, 51, 52, 53, 54, 61, 71, 75, 78, 79, 80, 81, 82, 83, 84, 91, 92, 97, 112, 118, 123, 134, 139, 149, 150, 151, 162, 163, 164, 165, 166, 167, 168, 169, 170, 171, 172, 173, 174, 175, 176, 177, 178, 179, 180, 181, 182, 183, 184, 185, 186, 187, 188, 189, 190, 191, 192, 193, 194, 195, 196, 197, 198, 199, 200, 201, 202, 203, 204, 205, 206, 207, 208, 209, 210, 211, 212, 213, 214, 215, 216, 217, 218, 219, 220, 221, 222, 223, 224, 225, 226, 227, 228, 229, 230, 231, 232, 233, 234, 235, 236, 237, 238, 239, 240, 241, 242, 243, 244, 245, 246, 247, 248, 249, 250, 251, 252, 253, 254, 255, 256, 257, 258, 259, 260]",172,False,6.104733972208053e-05,-9.082514077259254e-08,2.0379388287617712e-05,10.0
F4,636,636,551,85,425,0.8663522012578616,0.5645491803278688,0.683622828784119,cao2018,S09/060317n,frontal_right,mean,mean__frontal_right__F4,2,261,"[0, 1, 2, 3, 4, 5, 6, 7, 8, 9, 10, 11, 12, 13, 14, 15, 16, 17, 18, 19, 20, 21, 22, 23, 24, 25, 26, 27, 28, 29, 30, 31, 32, 33, 34, 35, 36, 37, 38, 39, 40, 41, 42, 43, 44, 45, 46, 49, 51, 52, 53, 54, 61, 71, 75, 78, 79, 80, 81, 82, 83, 84, 91, 92, 97, 112, 118, 123, 134, 139, 149, 150, 151, 162, 163, 164, 165, 166, 167, 168, 169, 170, 171, 172, 173, 174, 175, 176, 177, 178, 179, 180, 181, 182, 183, 184, 185, 186, 187, 188, 189, 190, 191, 192, 193, 194, 195, 196, 197, 198, 199, 200, 201, 202, 203, 204, 205, 206, 207, 208, 209, 210, 211, 212, 213, 214, 215, 216, 217, 218, 219, 220, 221, 222, 223, 224, 225, 226, 227, 228, 229, 230, 231, 232, 233, 234, 235, 236, 237, 238, 239, 240, 241, 242, 243, 244, 245, 246, 247, 248, 249, 250, 251, 252, 253, 254, 255, 256, 257, 258, 259, 260]",172,False,3.922790406981503e-05,-3.80686826250184e-08,1.3088657584146685e-05,10.0
FP1,1084,1084,959,125,8,0.8846863468634686,0.9917269906928645,0.9351535836177475,cao2018,S09/060317n,all_channel,median,median__all_channel__FP1,32,130,"[0, 1, 2, 3, 4, 5, 6, 7, 8, 9, 10, 11, 12, 13, 14, 15, 16, 17, 18, 19, 20, 21, 22, 24, 25, 26, 29, 30, 33, 37, 39, 40, 41, 42, 45, 56, 57, 59, 61, 67, 69, 70, 73, 74, 75, 81, 82, 83, 84, 85, 86, 87, 88, 89, 90, 91, 92, 93, 94, 95, 96, 97, 98, 99, 100, 101, 102, 103, 104, 105, 106, 107, 108, 109, 110, 111, 112, 113, 114, 115, 116, 117, 118, 119, 120, 121, 122, 123, 124, 125, 126, 127, 128, 129]",94,False,5.686046694047988e-05,-5.905964188431609e-06,2.0922143709637164e-05,20.0
FP2,1092,1092,958,134,9,0.8772893772893773,0.9906928645294726,0.9305488101019913,cao2018,S09/060317n,all_channel,median,median__all_channel__FP2,32,130,"[0, 1, 2, 3, 4, 5, 6, 7, 8, 9, 10, 11, 12, 13, 14, 15, 16, 17, 18, 19, 20, 21, 22, 24, 25, 26, 29, 30, 33, 37, 39, 40, 41, 42, 45, 56, 57, 59, 61, 67, 69, 70, 73, 74, 75, 81, 82, 83, 84, 85, 86, 87, 88, 89, 90, 91, 92, 93, 94, 95, 96, 97, 98, 99, 100, 101, 102, 103, 104, 105, 106, 107, 108, 109, 110, 111, 112, 113, 114, 115, 116, 117, 118, 119, 120, 121, 122, 123, 124, 125, 126, 127, 128, 129]",94,False,5.23031073434221e-05,-5.384645786704719e-06,1.9229251043375607e-05,20.0
FZ,806,806,733,73,234,0.9094292803970223,0.7580144777662875,0.826847151720248,cao2018,S09/060317n,all_channel,median,median__all_channel__FZ,32,130,"[0, 1, 2, 3, 4, 5, 6, 7, 8, 9, 10, 11, 12, 13, 14, 15, 16, 17, 18, 19, 20, 21, 22, 24, 25, 26, 29, 30, 33, 37, 39, 40, 41, 42, 45, 56, 57, 59, 61, 67, 69, 70, 73, 74, 75, 81, 82, 83, 84, 85, 86, 87, 88, 89, 90, 91, 92, 93, 94, 95, 96, 97, 98, 99, 100, 101, 102, 103, 104, 105, 106, 107, 108, 109, 110, 111, 112, 113, 114, 115, 116, 117, 118, 119, 120, 121, 122, 123, 124, 125, 126, 127, 128, 129]",94,False,3.552211986248818e-05,-2.016919078358705e-06,1.2513012980282294e-05,20.0
F3,789,789,695,94,272,0.8808618504435995,0.718717683557394,0.7915717539863325,cao2018,S09/060317n,all_channel,median,median__all_channel__F3,32,130,"[0, 1, 2, 3, 4, 5, 6, 7, 8, 9, 10, 11, 12, 13, 14, 15, 16, 17, 18, 19, 20, 21, 22, 24, 25, 26, 29, 30, 33, 37, 39, 40, 41, 42, 45, 56, 57, 59, 61, 67, 69, 70, 73, 74, 75, 81, 82, 83, 84, 85, 86, 87, 88, 89, 90, 91, 92, 93, 94, 95, 96, 97, 98, 99, 100, 101, 102, 103, 104, 105, 106, 107, 108, 109, 110, 111, 112, 113, 114, 115, 116, 117, 118, 119, 120, 121, 122, 123, 124, 125, 126, 127, 128, 129]",94,False,3.429664361115883e-05,-1.7470366305622402e-06,1.2014560080573691e-05,20.0
F8,825,825,680,145,287,0.8242424242424242,0.703205791106515,0.7589285714285714,cao2018,S09/060317n,all_channel,median,median__all_channel__F8,32,130,"[0, 1, 2, 3, 4, 5, 6, 7, 8, 9, 10, 11, 12, 13, 14, 15, 16, 17, 18, 19, 20, 21, 22, 24, 25, 26, 29, 30, 33, 37, 39, 40, 41, 42, 45, 56, 57, 59, 61, 67, 69, 70, 73, 74, 75, 81, 82, 83, 84, 85, 86, 87, 88, 89, 90, 91, 92, 93, 94, 95, 96, 97, 98, 99, 100, 101, 102, 103, 104, 105, 106, 107, 108, 109, 110, 111, 112, 113, 114, 115, 116, 117, 118, 119, 120, 121, 122, 123, 124, 125, 126, 127, 128, 129]",94,False,4.001986280963023e-05,-1.9774220045604005e-06,1.3999094938063542e-05,20.0
F4,736,736,638,98,329,0.8668478260869565,0.6597724922440538,0.7492660011743981,cao2018,S09/060317n,all_channel,median,median__all_channel__F4,32,130,"[0, 1, 2, 3, 4, 5, 6, 7, 8, 9, 10, 11, 12, 13, 14, 15, 16, 17, 18, 19, 20, 21, 22, 24, 25, 26, 29, 30, 33, 37, 39, 40, 41, 42, 45, 56, 57, 59, 61, 67, 69, 70, 73, 74, 75, 81, 82, 83, 84, 85, 86, 87, 88, 89, 90, 91, 92, 93, 94, 95, 96, 97, 98, 99, 100, 101, 102, 103, 104, 105, 106, 107, 108, 109, 110, 111, 112, 113, 114, 115, 116, 117, 118, 119, 120, 121, 122, 123, 124, 125, 126, 127, 128, 129]",94,False,3.630843918155754e-05,-1.8910946289916621e-06,1.2733177936849733e-05,20.0
F7,704,704,597,107,370,0.8480113636363636,0.6173733195449845,0.7145421903052065,cao2018,S09/060317n,all_channel,median,median__all_channel__F7,32,130,"[0, 1, 2, 3, 4, 5, 6, 7, 8, 9, 10, 11, 12, 13, 14, 15, 16, 17, 18, 19, 20, 21, 22, 24, 25, 26, 29, 30, 33, 37, 39, 40, 41, 42, 45, 56, 57, 59, 61, 67, 69, 70, 73, 74, 75, 81, 82, 83, 84, 85, 86, 87, 88, 89, 90, 91, 92, 93, 94, 95, 96, 97, 98, 99, 100, 101, 102, 103, 104, 105, 106, 107, 108, 109, 110, 111, 112, 113, 114, 115, 116, 117, 118, 119, 120, 121, 122, 123, 124, 125, 126, 127, 128, 129]",94,False,2.607862834231049e-05,-1.0042586711039868e-06,9.027629004471493e-06,20.0
FT7,699,699,586,113,381,0.8383404864091559,0.6059979317476732,0.7034813925570227,cao2018,S09/060317n,all_channel,median,median__all_channel__FT7,32,130,"[0, 1, 2, 3, 4, 5, 6, 7, 8, 9, 10, 11, 12, 13, 14, 15, 16, 17, 18, 19, 20, 21, 22, 24, 25, 26, 29, 30, 33, 37, 39, 40, 41, 42, 45, 56, 57, 59, 61, 67, 69, 70, 73, 74, 75, 81, 82, 83, 84, 85, 86, 87, 88, 89, 90, 91, 92, 93, 94, 95, 96, 97, 98, 99, 100, 101, 102, 103, 104, 105, 106, 107, 108, 109, 110, 111, 112, 113, 114, 115, 116, 117, 118, 119, 120, 121, 122, 123, 124, 125, 126, 127, 128, 129]",94,False,2.601083581431046e-05,-9.911462786662487e-07,9.000660697658903e-06,20.0
T3,669,669,556,113,411,0.8310911808669657,0.5749741468459152,0.6797066014669927,cao2018,S09/060317n,all_channel,median,median__all_channel__T3,32,130,"[0, 1, 2, 3, 4, 5, 6, 7, 8, 9, 10, 11, 12, 13, 14, 15, 16, 17, 18, 19, 20, 21, 22, 24, 25, 26, 29, 30, 33, 37, 39, 40, 41, 42, 45, 56, 57, 59, 61, 67, 69, 70, 73, 74, 75, 81, 82, 83, 84, 85, 86, 87, 88, 89, 90, 91, 92, 93, 94, 95, 96, 97, 98, 99, 100, 101, 102, 103, 104, 105, 106, 107, 108, 109, 110, 111, 112, 113, 114, 115, 116, 117, 118, 119, 120, 121, 122, 123, 124, 125, 126, 127, 128, 129]",94,False,2.5350161479320996e-05,-9.205695863889928e-07,8.756910355236663e-06,20.0
FC3,487,487,393,94,574,0.8069815195071869,0.40641158221303,0.5405777166437414,cao2018,S09/060317n,all_channel,median,median__all_channel__FC3,32,130,"[0, 1, 2, 3, 4, 5, 6, 7, 8, 9, 10, 11, 12, 13, 14, 15, 16, 17, 18, 19, 20, 21, 22, 24, 25, 26, 29, 30, 33, 37, 39, 40, 41, 42, 45, 56, 57, 59, 61, 67, 69, 70, 73, 74, 75, 81, 82, 83, 84, 85, 86, 87, 88, 89, 90, 91, 92, 93, 94, 95, 96, 97, 98, 99, 100, 101, 102, 103, 104, 105, 106, 107, 108, 109, 110, 111, 112, 113, 114, 115, 116, 117, 118, 119, 120, 121, 122, 123, 124, 125, 126, 127, 128, 129]",94,False,3.094102831222982e-05,-1.1703735274070252e-06,1.0703800613212283e-05,20.0
FT8,483,483,361,122,606,0.7474120082815735,0.3733195449844881,0.4979310344827586,cao2018,S09/060317n,all_channel,median,median__all_channel__FT8,32,130,"[0, 1, 2, 3, 4, 5, 6, 7, 8, 9, 10, 11, 12, 13, 14, 15, 16, 17, 18, 19, 20, 21, 22, 24, 25, 26, 29, 30, 33, 37, 39, 40, 41, 42, 45, 56, 57, 59, 61, 67, 69, 70, 73, 74, 75, 81, 82, 83, 84, 85, 86, 87, 88, 89, 90, 91, 92, 93, 94, 95, 96, 97, 98, 99, 100, 101, 102, 103, 104, 105, 106, 107, 108, 109, 110, 111, 112, 113, 114, 115, 116, 117, 118, 119, 120, 121, 122, 123, 124, 125, 126, 127, 128, 129]",94,False,2.819456726444422e-05,-6.724522970704244e-07,9.622339853838216e-06,20.0
FCZ,375,375,303,72,664,0.808,0.3133402275077559,0.45156482861400893,cao2018,S09/060317n,all_channel,median,median__all_channel__FCZ,32,130,"[0, 1, 2, 3, 4, 5, 6, 7, 8, 9, 10, 11, 12, 13, 14, 15, 16, 17, 18, 19, 20, 21, 22, 24, 25, 26, 29, 30, 33, 37, 39, 40, 41, 42, 45, 56, 57, 59, 61, 67, 69, 70, 73, 74, 75, 81, 82, 83, 84, 85, 86, 87, 88, 89, 90, 91, 92, 93, 94, 95, 96, 97, 98, 99, 100, 101, 102, 103, 104, 105, 106, 107, 108, 109, 110, 111, 112, 113, 114, 115, 116, 117, 118, 119, 120, 121, 122, 123, 124, 125, 126, 127, 128, 129]",94,False,3.251178531552302e-05,-1.1621907504674675e-06,1.1224658688663497e-05,20.0
T4,426,426,305,121,662,0.715962441314554,0.3154084798345398,0.4379038047379756,cao2018,S09/060317n,all_channel,median,median__all_channel__T4,32,130,"[0, 1, 2, 3, 4, 5, 6, 7, 8, 9, 10, 11, 12, 13, 14, 15, 16, 17, 18, 19, 20, 21, 22, 24, 25, 26, 29, 30, 33, 37, 39, 40, 41, 42, 45, 56, 57, 59, 61, 67, 69, 70, 73, 74, 75, 81, 82, 83, 84, 85, 86, 87, 88, 89, 90, 91, 92, 93, 94, 95, 96, 97, 98, 99, 100, 101, 102, 103, 104, 105, 106, 107, 108, 109, 110, 111, 112, 113, 114, 115, 116, 117, 118, 119, 120, 121, 122, 123, 124, 125, 126, 127, 128, 129]",94,False,2.7416964676635743e-05,-5.74681425819285e-07,9.330548700818343e-06,20.0
FC4,420,420,300,120,667,0.7142857142857143,0.31023784901758017,0.43258832011535686,cao2018,S09/060317n,all_channel,median,median__all_channel__FC4,32,130,"[0, 1, 2, 3, 4, 5, 6, 7, 8, 9, 10, 11, 12, 13, 14, 15, 16, 17, 18, 19, 20, 21, 22, 24, 25, 26, 29, 30, 33, 37, 39, 40, 41, 42, 45, 56, 57, 59, 61, 67, 69, 70, 73, 74, 75, 81, 82, 83, 84, 85, 86, 87, 88, 89, 90, 91, 92, 93, 94, 95, 96, 97, 98, 99, 100, 101, 102, 103, 104, 105, 106, 107, 108, 109, 110, 111, 112, 113, 114, 115, 116, 117, 118, 119, 120, 121, 122, 123, 124, 125, 126, 127, 128, 129]",94,False,3.3561803754772475e-05,-1.3051652150355215e-06,1.1622322989935998e-05,20.0
C3,305,305,223,82,744,0.7311475409836066,0.23061013443640124,0.3506289308176101,cao2018,S09/060317n,all_channel,median,median__all_channel__C3,32,130,"[0, 1, 2, 3, 4, 5, 6, 7, 8, 9, 10, 11, 12, 13, 14, 15, 16, 17, 18, 19, 20, 21, 22, 24, 25, 26, 29, 30, 33, 37, 39, 40, 41, 42, 45, 56, 57, 59, 61, 67, 69, 70, 73, 74, 75, 81, 82, 83, 84, 85, 86, 87, 88, 89, 90, 91, 92, 93, 94, 95, 96, 97, 98, 99, 100, 101, 102, 103, 104, 105, 106, 107, 108, 109, 110, 111, 112, 113, 114, 115, 116, 117, 118, 119, 120, 121, 122, 123, 124, 125, 126, 127, 128, 129]",94,False,2.7720350424722943e-05,-8.206252912896791e-07,9.513658572004207e-06,20.0
C4,301,301,170,131,797,0.5647840531561462,0.17580144777662876,0.26813880126182965,cao2018,S09/060317n,all_channel,median,median__all_channel__C4,32,130,"[0, 1, 2, 3, 4, 5, 6, 7, 8, 9, 10, 11, 12, 13, 14, 15, 16, 17, 18, 19, 20, 21, 22, 24, 25, 26, 29, 30, 33, 37, 39, 40, 41, 42, 45, 56, 57, 59, 61, 67, 69, 70, 73, 74, 75, 81, 82, 83, 84, 85, 86, 87, 88, 89, 90, 91, 92, 93, 94, 95, 96, 97, 98, 99, 100, 101, 102, 103, 104, 105, 106, 107, 108, 109, 110, 111, 112, 113, 114, 115, 116, 117, 118, 119, 120, 121, 122, 123, 124, 125, 126, 127, 128, 129]",94,False,3.1119853344058886e-05,-9.487667037865565e-07,1.0689540015948481e-05,20.0
CZ,212,212,142,70,825,0.6698113207547169,0.1468459152016546,0.24088210347752334,cao2018,S09/060317n,all_channel,median,median__all_channel__CZ,32,130,"[0, 1, 2, 3, 4, 5, 6, 7, 8, 9, 10, 11, 12, 13, 14, 15, 16, 17, 18, 19, 20, 21, 22, 24, 25, 26, 29, 30, 33, 37, 39, 40, 41, 42, 45, 56, 57, 59, 61, 67, 69, 70, 73, 74, 75, 81, 82, 83, 84, 85, 86, 87, 88, 89, 90, 91, 92, 93, 94, 95, 96, 97, 98, 99, 100, 101, 102, 103, 104, 105, 106, 107, 108, 109, 110, 111, 112, 113, 114, 115, 116, 117, 118, 119, 120, 121, 122, 123, 124, 125, 126, 127, 128, 129]",94,False,3.0052206836075302e-05,-7.660450404862321e-07,1.027275062552051e-05,20.0
TP7,219,219,136,83,831,0.6210045662100456,0.140641158221303,0.22934232715008432,cao2018,S09/060317n,all_channel,median,median__all_channel__TP7,32,130,"[0, 1, 2, 3, 4, 5, 6, 7, 8, 9, 10, 11, 12, 13, 14, 15, 16, 17, 18, 19, 20, 21, 22, 24, 25, 26, 29, 30, 33, 37, 39, 40, 41, 42, 45, 56, 57, 59, 61, 67, 69, 70, 73, 74, 75, 81, 82, 83, 84, 85, 86, 87, 88, 89, 90, 91, 92, 93, 94, 95, 96, 97, 98, 99, 100, 101, 102, 103, 104, 105, 106, 107, 108, 109, 110, 111, 112, 113, 114, 115, 116, 117, 118, 119, 120, 121, 122, 123, 124, 125, 126, 127, 128, 129]",94,False,1.7988956282121036e-05,-3.4459955299799345e-07,6.11118527837301e-06,20.0
T6,277,277,141,136,826,0.5090252707581228,0.14581178903826267,0.22668810289389066,cao2018,S09/060317n,all_channel,median,median__all_channel__T6,32,130,"[0, 1, 2, 3, 4, 5, 6, 7, 8, 9, 10, 11, 12, 13, 14, 15, 16, 17, 18, 19, 20, 21, 22, 24, 25, 26, 29, 30, 33, 37, 39, 40, 41, 42, 45, 56, 57, 59, 61, 67, 69, 70, 73, 74, 75, 81, 82, 83, 84, 85, 86, 87, 88, 89, 90, 91, 92, 93, 94, 95, 96, 97, 98, 99, 100, 101, 102, 103, 104, 105, 106, 107, 108, 109, 110, 111, 112, 113, 114, 115, 116, 117, 118, 119, 120, 121, 122, 123, 124, 125, 126, 127, 128, 129]",94,False,1.9375430409361553e-05,-4.405912641111356e-07,6.6053405578242306e-06,20.0
TP8,277,277,134,143,833,0.48375451263537905,0.13857290589451912,0.21543408360128619,cao2018,S09/060317n,all_channel,median,median__all_channel__TP8,32,130,"[0, 1, 2, 3, 4, 5, 6, 7, 8, 9, 10, 11, 12, 13, 14, 15, 16, 17, 18, 19, 20, 21, 22, 24, 25, 26, 29, 30, 33, 37, 39, 40, 41, 42, 45, 56, 57, 59, 61, 67, 69, 70, 73, 74, 75, 81, 82, 83, 84, 85, 86, 87, 88, 89, 90, 91, 92, 93, 94, 95, 96, 97, 98, 99, 100, 101, 102, 103, 104, 105, 106, 107, 108, 109, 110, 111, 112, 113, 114, 115, 116, 117, 118, 119, 120, 121, 122, 123, 124, 125, 126, 127, 128, 129]",94,False,1.938991996149038e-05,-4.2968593367673734e-07,6.606535298389038e-06,20.0
P3,159,159,101,58,866,0.6352201257861635,0.10444674250258532,0.17939609236234455,cao2018,S09/060317n,all_channel,median,median__all_channel__P3,32,130,"[0, 1, 2, 3, 4, 5, 6, 7, 8, 9, 10, 11, 12, 13, 14, 15, 16, 17, 18, 19, 20, 21, 22, 24, 25, 26, 29, 30, 33, 37, 39, 40, 41, 42, 45, 56, 57, 59, 61, 67, 69, 70, 73, 74, 75, 81, 82, 83, 84, 85, 86, 87, 88, 89, 90, 91, 92, 93, 94, 95, 96, 97, 98, 99, 100, 101, 102, 103, 104, 105, 106, 107, 108, 109, 110, 111, 112, 113, 114, 115, 116, 117, 118, 119, 120, 121, 122, 123, 124, 125, 126, 127, 128, 129]",94,False,2.4633686628542207e-05,-5.376844562117518e-07,8.39045702825132e-06,20.0
CP4,214,214,105,109,862,0.49065420560747663,0.10858324715615306,0.17781541066892464,cao2018,S09/060317n,all_channel,median,median__all_channel__CP4,32,130,"[0, 1, 2, 3, 4, 5, 6, 7, 8, 9, 10, 11, 12, 13, 14, 15, 16, 17, 18, 19, 20, 21, 22, 24, 25, 26, 29, 30, 33, 37, 39, 40, 41, 42, 45, 56, 57, 59, 61, 67, 69, 70, 73, 74, 75, 81, 82, 83, 84, 85, 86, 87, 88, 89, 90, 91, 92, 93, 94, 95, 96, 97, 98, 99, 100, 101, 102, 103, 104, 105, 106, 107, 108, 109, 110, 111, 112, 113, 114, 115, 116, 117, 118, 119, 120, 121, 122, 123, 124, 125, 126, 127, 128, 129]",94,False,2.7580713996701532e-05,-7.174207928589083e-07,9.432711596520146e-06,20.0
CP3,152,152,94,58,873,0.618421052631579,0.09720785935884178,0.1680071492403932,cao2018,S09/060317n,all_channel,median,median__all_channel__CP3,32,130,"[0, 1, 2, 3, 4, 5, 6, 7, 8, 9, 10, 11, 12, 13, 14, 15, 16, 17, 18, 19, 20, 21, 22, 24, 25, 26, 29, 30, 33, 37, 39, 40, 41, 42, 45, 56, 57, 59, 61, 67, 69, 70, 73, 74, 75, 81, 82, 83, 84, 85, 86, 87, 88, 89, 90, 91, 92, 93, 94, 95, 96, 97, 98, 99, 100, 101, 102, 103, 104, 105, 106, 107, 108, 109, 110, 111, 112, 113, 114, 115, 116, 117, 118, 119, 120, 121, 122, 123, 124, 125, 126, 127, 128, 129]",94,False,2.4671946259763544e-05,-5.244152170223986e-07,8.398787158928647e-06,20.0
CPZ,149,149,82,67,885,0.5503355704697986,0.08479834539813857,0.14695340501792115,cao2018,S09/060317n,all_channel,median,median__all_channel__CPZ,32,130,"[0, 1, 2, 3, 4, 5, 6, 7, 8, 9, 10, 11, 12, 13, 14, 15, 16, 17, 18, 19, 20, 21, 22, 24, 25, 26, 29, 30, 33, 37, 39, 40, 41, 42, 45, 56, 57, 59, 61, 67, 69, 70, 73, 74, 75, 81, 82, 83, 84, 85, 86, 87, 88, 89, 90, 91, 92, 93, 94, 95, 96, 97, 98, 99, 100, 101, 102, 103, 104, 105, 106, 107, 108, 109, 110, 111, 112, 113, 114, 115, 116, 117, 118, 119, 120, 121, 122, 123, 124, 125, 126, 127, 128, 129]",94,False,2.7130350320839313e-05,-5.805632970589804e-07,9.236971205966097e-06,20.0
T5,153,153,80,73,887,0.5228758169934641,0.0827300930713547,0.14285714285714285,cao2018,S09/060317n,all_channel,median,median__all_channel__T5,32,130,"[0, 1, 2, 3, 4, 5, 6, 7, 8, 9, 10, 11, 12, 13, 14, 15, 16, 17, 18, 19, 20, 21, 22, 24, 25, 26, 29, 30, 33, 37, 39, 40, 41, 42, 45, 56, 57, 59, 61, 67, 69, 70, 73, 74, 75, 81, 82, 83, 84, 85, 86, 87, 88, 89, 90, 91, 92, 93, 94, 95, 96, 97, 98, 99, 100, 101, 102, 103, 104, 105, 106, 107, 108, 109, 110, 111, 112, 113, 114, 115, 116, 117, 118, 119, 120, 121, 122, 123, 124, 125, 126, 127, 128, 129]",94,False,1.7722738380121986e-05,-2.5286324225941544e-07,5.991867207460468e-06,20.0
P4,147,147,78,69,889,0.5306122448979592,0.08066184074457083,0.1400359066427289,cao2018,S09/060317n,all_channel,median,median__all_channel__P4,32,130,"[0, 1, 2, 3, 4, 5, 6, 7, 8, 9, 10, 11, 12, 13, 14, 15, 16, 17, 18, 19, 20, 21, 22, 24, 25, 26, 29, 30, 33, 37, 39, 40, 41, 42, 45, 56, 57, 59, 61, 67, 69, 70, 73, 74, 75, 81, 82, 83, 84, 85, 86, 87, 88, 89, 90, 91, 92, 93, 94, 95, 96, 97, 98, 99, 100, 101, 102, 103, 104, 105, 106, 107, 108, 109, 110, 111, 112, 113, 114, 115, 116, 117, 118, 119, 120, 121, 122, 123, 124, 125, 126, 127, 128, 129]",94,False,2.4422712220769036e-05,-5.574418808308307e-07,8.326718033866622e-06,20.0
A1,198,198,75,123,892,0.3787878787878788,0.07755946225439504,0.12875536480686697,cao2018,S09/060317n,all_channel,median,median__all_channel__A1,32,130,"[0, 1, 2, 3, 4, 5, 6, 7, 8, 9, 10, 11, 12, 13, 14, 15, 16, 17, 18, 19, 20, 21, 22, 24, 25, 26, 29, 30, 33, 37, 39, 40, 41, 42, 45, 56, 57, 59, 61, 67, 69, 70, 73, 74, 75, 81, 82, 83, 84, 85, 86, 87, 88, 89, 90, 91, 92, 93, 94, 95, 96, 97, 98, 99, 100, 101, 102, 103, 104, 105, 106, 107, 108, 109, 110, 111, 112, 113, 114, 115, 116, 117, 118, 119, 120, 121, 122, 123, 124, 125, 126, 127, 128, 129]",94,False,7.910269310329273e-06,-3.248533767816018e-08,2.6475848826691445e-06,20.0
A2,183,183,70,113,897,0.3825136612021858,0.07238883143743537,0.12173913043478261,cao2018,S09/060317n,all_channel,median,median__all_channel__A2,32,130,"[0, 1, 2, 3, 4, 5, 6, 7, 8, 9, 10, 11, 12, 13, 14, 15, 16, 17, 18, 19, 20, 21, 22, 24, 25, 26, 29, 30, 33, 37, 39, 40, 41, 42, 45, 56, 57, 59, 61, 67, 69, 70, 73, 74, 75, 81, 82, 83, 84, 85, 86, 87, 88, 89, 90, 91, 92, 93, 94, 95, 96, 97, 98, 99, 100, 101, 102, 103, 104, 105, 106, 107, 108, 109, 110, 111, 112, 113, 114, 115, 116, 117, 118, 119, 120, 121, 122, 123, 124, 125, 126, 127, 128, 129]",94,False,7.975239985685594e-06,3.248533767816018e-08,2.6475848826691445e-06,20.0
PZ,104,104,52,52,915,0.5,0.05377456049638056,0.09710550887021477,cao2018,S09/060317n,all_channel,median,median__all_channel__PZ,32,130,"[0, 1, 2, 3, 4, 5, 6, 7, 8, 9, 10, 11, 12, 13, 14, 15, 16, 17, 18, 19, 20, 21, 22, 24, 25, 26, 29, 30, 33, 37, 39, 40, 41, 42, 45, 56, 57, 59, 61, 67, 69, 70, 73, 74, 75, 81, 82, 83, 84, 85, 86, 87, 88, 89, 90, 91, 92, 93, 94, 95, 96, 97, 98, 99, 100, 101, 102, 103, 104, 105, 106, 107, 108, 109, 110, 111, 112, 113, 114, 115, 116, 117, 118, 119, 120, 121, 122, 123, 124, 125, 126, 127, 128, 129]",94,False,2.4903887161881445e-05,-4.393807258299028e-07,8.44775596257045e-06,20.0
O2,74,74,35,39,932,0.47297297297297297,0.03619441571871768,0.06724303554274737,cao2018,S09/060317n,all_channel,median,median__all_channel__O2,32,130,"[0, 1, 2, 3, 4, 5, 6, 7, 8, 9, 10, 11, 12, 13, 14, 15, 16, 17, 18, 19, 20, 21, 22, 24, 25, 26, 29, 30, 33, 37, 39, 40, 41, 42, 45, 56, 57, 59, 61, 67, 69, 70, 73, 74, 75, 81, 82, 83, 84, 85, 86, 87, 88, 89, 90, 91, 92, 93, 94, 95, 96, 97, 98, 99, 100, 101, 102, 103, 104, 105, 106, 107, 108, 109, 110, 111, 112, 113, 114, 115, 116, 117, 118, 119, 120, 121, 122, 123, 124, 125, 126, 127, 128, 129]",94,False,1.7049227073958953e-05,-2.3822186951519808e-07,5.76248298115805e-06,20.0
OZ,76,76,31,45,936,0.40789473684210525,0.03205791106514995,0.059443911792905084,cao2018,S09/060317n,all_channel,median,median__all_channel__OZ,32,130,"[0, 1, 2, 3, 4, 5, 6, 7, 8, 9, 10, 11, 12, 13, 14, 15, 16, 17, 18, 19, 20, 21, 22, 24, 25, 26, 29, 30, 33, 37, 39, 40, 41, 42, 45, 56, 57, 59, 61, 67, 69, 70, 73, 74, 75, 81, 82, 83, 84, 85, 86, 87, 88, 89, 90, 91, 92, 93, 94, 95, 96, 97, 98, 99, 100, 101, 102, 103, 104, 105, 106, 107, 108, 109, 110, 111, 112, 113, 114, 115, 116, 117, 118, 119, 120, 121, 122, 123, 124, 125, 126, 127, 128, 129]",94,False,1.6107887741027045e-05,-2.1261438662814282e-07,5.440167375885062e-06,20.0
O1,73,73,30,43,937,0.410958904109589,0.031023784901758014,0.057692307692307696,cao2018,S09/060317n,all_channel,median,median__all_channel__O1,32,130,"[0, 1, 2, 3, 4, 5, 6, 7, 8, 9, 10, 11, 12, 13, 14, 15, 16, 17, 18, 19, 20, 21, 22, 24, 25, 26, 29, 30, 33, 37, 39, 40, 41, 42, 45, 56, 57, 59, 61, 67, 69, 70, 73, 74, 75, 81, 82, 83, 84, 85, 86, 87, 88, 89, 90, 91, 92, 93, 94, 95, 96, 97, 98, 99, 100, 101, 102, 103, 104, 105, 106, 107, 108, 109, 110, 111, 112, 113, 114, 115, 116, 117, 118, 119, 120, 121, 122, 123, 124, 125, 126, 127, 128, 129]",94,False,1.605808650497764e-05,-2.0084822100092407e-07,5.419644908659521e-06,20.0
FP1,1065,1065,957,108,10,0.8985915492957747,0.9896587383660806,0.9419291338582677,cao2018,S09/060317n,all_channel,mean,mean__all_channel__FP1,32,130,"[0, 1, 2, 3, 4, 5, 6, 7, 8, 9, 10, 11, 12, 13, 14, 15, 16, 17, 18, 19, 20, 21, 22, 24, 25, 26, 29, 30, 33, 37, 39, 40, 41, 42, 45, 56, 57, 59, 61, 67, 69, 70, 73, 74, 75, 81, 82, 83, 84, 85, 86, 87, 88, 89, 90, 91, 92, 93, 94, 95, 96, 97, 98, 99, 100, 101, 102, 103, 104, 105, 106, 107, 108, 109, 110, 111, 112, 113, 114, 115, 116, 117, 118, 119, 120, 121, 122, 123, 124, 125, 126, 127, 128, 129]",94,False,6.272635113180448e-05,-4.0079997107011265e-08,2.0922143709637164e-05,20.0
FP2,1072,1072,954,118,13,0.8899253731343284,0.9865563598759048,0.9357528200098088,cao2018,S09/060317n,all_channel,mean,mean__all_channel__FP2,32,130,"[0, 1, 2, 3, 4, 5, 6, 7, 8, 9, 10, 11, 12, 13, 14, 15, 16, 17, 18, 19, 20, 21, 22, 24, 25, 26, 29, 30, 33, 37, 39, 40, 41, 42, 45, 56, 57, 59, 61, 67, 69, 70, 73, 74, 75, 81, 82, 83, 84, 85, 86, 87, 88, 89, 90, 91, 92, 93, 94, 95, 96, 97, 98, 99, 100, 101, 102, 103, 104, 105, 106, 107, 108, 109, 110, 111, 112, 113, 114, 115, 116, 117, 118, 119, 120, 121, 122, 123, 124, 125, 126, 127, 128, 129]",94,False,5.7657740620742374e-05,-3.001250938444275e-08,1.9229251043375607e-05,20.0
FZ,751,751,684,67,283,0.9107856191744341,0.7073422957600828,0.7962747380675205,cao2018,S09/060317n,all_channel,mean,mean__all_channel__FZ,32,130,"[0, 1, 2, 3, 4, 5, 6, 7, 8, 9, 10, 11, 12, 13, 14, 15, 16, 17, 18, 19, 20, 21, 22, 24, 25, 26, 29, 30, 33, 37, 39, 40, 41, 42, 45, 56, 57, 59, 61, 67, 69, 70, 73, 74, 75, 81, 82, 83, 84, 85, 86, 87, 88, 89, 90, 91, 92, 93, 94, 95, 96, 97, 98, 99, 100, 101, 102, 103, 104, 105, 106, 107, 108, 109, 110, 111, 112, 113, 114, 115, 116, 117, 118, 119, 120, 121, 122, 123, 124, 125, 126, 127, 128, 129]",94,False,3.753240102350327e-05,-6.637917343606417e-09,1.2513012980282294e-05,20.0
F3,727,727,648,79,319,0.8913342503438789,0.6701137538779731,0.7650531286894923,cao2018,S09/060317n,all_channel,mean,mean__all_channel__F3,32,130,"[0, 1, 2, 3, 4, 5, 6, 7, 8, 9, 10, 11, 12, 13, 14, 15, 16, 17, 18, 19, 20, 21, 22, 24, 25, 26, 29, 30, 33, 37, 39, 40, 41, 42, 45, 56, 57, 59, 61, 67, 69, 70, 73, 74, 75, 81, 82, 83, 84, 85, 86, 87, 88, 89, 90, 91, 92, 93, 94, 95, 96, 97, 98, 99, 100, 101, 102, 103, 104, 105, 106, 107, 108, 109, 110, 111, 112, 113, 114, 115, 116, 117, 118, 119, 120, 121, 122, 123, 124, 125, 126, 127, 128, 129]",94,False,3.6035301730898814e-05,-8.378510822260744e-09,1.2014560080573691e-05,20.0
F8,765,765,634,131,333,0.8287581699346406,0.655635987590486,0.7321016166281754,cao2018,S09/060317n,all_channel,mean,mean__all_channel__F8,32,130,"[0, 1, 2, 3, 4, 5, 6, 7, 8, 9, 10, 11, 12, 13, 14, 15, 16, 17, 18, 19, 20, 21, 22, 24, 25, 26, 29, 30, 33, 37, 39, 40, 41, 42, 45, 56, 57, 59, 61, 67, 69, 70, 73, 74, 75, 81, 82, 83, 84, 85, 86, 87, 88, 89, 90, 91, 92, 93, 94, 95, 96, 97, 98, 99, 100, 101, 102, 103, 104, 105, 106, 107, 108, 109, 110, 111, 112, 113, 114, 115, 116, 117, 118, 119, 120, 121, 122, 123, 124, 125, 126, 127, 128, 129]",94,False,4.201841682321167e-05,2.113200902104188e-08,1.3999094938063542e-05,20.0
F4,679,679,588,91,379,0.865979381443299,0.6080661840744571,0.7144592952612395,cao2018,S09/060317n,all_channel,mean,mean__all_channel__F4,32,130,"[0, 1, 2, 3, 4, 5, 6, 7, 8, 9, 10, 11, 12, 13, 14, 15, 16, 17, 18, 19, 20, 21, 22, 24, 25, 26, 29, 30, 33, 37, 39, 40, 41, 42, 45, 56, 57, 59, 61, 67, 69, 70, 73, 74, 75, 81, 82, 83, 84, 85, 86, 87, 88, 89, 90, 91, 92, 93, 94, 95, 96, 97, 98, 99, 100, 101, 102, 103, 104, 105, 106, 107, 108, 109, 110, 111, 112, 113, 114, 115, 116, 117, 118, 119, 120, 121, 122, 123, 124, 125, 126, 127, 128, 129]",94,False,3.820932104487105e-05,9.787234321851586e-09,1.2733177936849733e-05,20.0
F7,652,652,558,94,409,0.8558282208588958,0.5770423991726991,0.6893143915997529,cao2018,S09/060317n,all_channel,mean,mean__all_channel__F7,32,130,"[0, 1, 2, 3, 4, 5, 6, 7, 8, 9, 10, 11, 12, 13, 14, 15, 16, 17, 18, 19, 20, 21, 22, 24, 25, 26, 29, 30, 33, 37, 39, 40, 41, 42, 45, 56, 57, 59, 61, 67, 69, 70, 73, 74, 75, 81, 82, 83, 84, 85, 86, 87, 88, 89, 90, 91, 92, 93, 94, 95, 96, 97, 98, 99, 100, 101, 102, 103, 104, 105, 106, 107, 108, 109, 110, 111, 112, 113, 114, 115, 116, 117, 118, 119, 120, 121, 122, 123, 124, 125, 126, 127, 128, 129]",94,False,2.7097186480950265e-05,1.4299467535786564e-08,9.027629004471493e-06,20.0
FT7,641,641,545,96,422,0.8502340093603744,0.5635987590486039,0.6778606965174129,cao2018,S09/060317n,all_channel,mean,mean__all_channel__FT7,32,130,"[0, 1, 2, 3, 4, 5, 6, 7, 8, 9, 10, 11, 12, 13, 14, 15, 16, 17, 18, 19, 20, 21, 22, 24, 25, 26, 29, 30, 33, 37, 39, 40, 41, 42, 45, 56, 57, 59, 61, 67, 69, 70, 73, 74, 75, 81, 82, 83, 84, 85, 86, 87, 88, 89, 90, 91, 92, 93, 94, 95, 96, 97, 98, 99, 100, 101, 102, 103, 104, 105, 106, 107, 108, 109, 110, 111, 112, 113, 114, 115, 116, 117, 118, 119, 120, 121, 122, 123, 124, 125, 126, 127, 128, 129]",94,False,2.7016971225235713e-05,1.49891322590067e-08,9.000660697658903e-06,20.0
T3,622,622,520,102,447,0.8360128617363344,0.5377456049638056,0.6544996853366898,cao2018,S09/060317n,all_channel,mean,mean__all_channel__T3,32,130,"[0, 1, 2, 3, 4, 5, 6, 7, 8, 9, 10, 11, 12, 13, 14, 15, 16, 17, 18, 19, 20, 21, 22, 24, 25, 26, 29, 30, 33, 37, 39, 40, 41, 42, 45, 56, 57, 59, 61, 67, 69, 70, 73, 74, 75, 81, 82, 83, 84, 85, 86, 87, 88, 89, 90, 91, 92, 93, 94, 95, 96, 97, 98, 99, 100, 101, 102, 103, 104, 105, 106, 107, 108, 109, 110, 111, 112, 113, 114, 115, 116, 117, 118, 119, 120, 121, 122, 123, 124, 125, 126, 127, 128, 129]",94,False,2.6286395881567164e-05,1.56648158571751e-08,8.756910355236663e-06,20.0
FC3,451,451,366,85,601,0.811529933481153,0.3784901758014478,0.5162200282087447,cao2018,S09/060317n,all_channel,mean,mean__all_channel__FC3,32,130,"[0, 1, 2, 3, 4, 5, 6, 7, 8, 9, 10, 11, 12, 13, 14, 15, 16, 17, 18, 19, 20, 21, 22, 24, 25, 26, 29, 30, 33, 37, 39, 40, 41, 42, 45, 56, 57, 59, 61, 67, 69, 70, 73, 74, 75, 81, 82, 83, 84, 85, 86, 87, 88, 89, 90, 91, 92, 93, 94, 95, 96, 97, 98, 99, 100, 101, 102, 103, 104, 105, 106, 107, 108, 109, 110, 111, 112, 113, 114, 115, 116, 117, 118, 119, 120, 121, 122, 123, 124, 125, 126, 127, 128, 129]",94,False,3.2096450348974474e-05,-1.4951490662372605e-08,1.0703800613212283e-05,20.0
FT8,453,453,343,110,624,0.7571743929359823,0.35470527404343327,0.4830985915492958,cao2018,S09/060317n,all_channel,mean,mean__all_channel__FT8,32,130,"[0, 1, 2, 3, 4, 5, 6, 7, 8, 9, 10, 11, 12, 13, 14, 15, 16, 17, 18, 19, 20, 21, 22, 24, 25, 26, 29, 30, 33, 37, 39, 40, 41, 42, 45, 56, 57, 59, 61, 67, 69, 70, 73, 74, 75, 81, 82, 83, 84, 85, 86, 87, 88, 89, 90, 91, 92, 93, 94, 95, 96, 97, 98, 99, 100, 101, 102, 103, 104, 105, 106, 107, 108, 109, 110, 111, 112, 113, 114, 115, 116, 117, 118, 119, 120, 121, 122, 123, 124, 125, 126, 127, 128, 129]",94,False,2.885590848722799e-05,-1.111107428665752e-08,9.622339853838216e-06,20.0
T4,399,399,287,112,680,0.7192982456140351,0.296794208893485,0.4202049780380674,cao2018,S09/060317n,all_channel,mean,mean__all_channel__T4,32,130,"[0, 1, 2, 3, 4, 5, 6, 7, 8, 9, 10, 11, 12, 13, 14, 15, 16, 17, 18, 19, 20, 21, 22, 24, 25, 26, 29, 30, 33, 37, 39, 40, 41, 42, 45, 56, 57, 59, 61, 67, 69, 70, 73, 74, 75, 81, 82, 83, 84, 85, 86, 87, 88, 89, 90, 91, 92, 93, 94, 95, 96, 97, 98, 99, 100, 101, 102, 103, 104, 105, 106, 107, 108, 109, 110, 111, 112, 113, 114, 115, 116, 117, 118, 119, 120, 121, 122, 123, 124, 125, 126, 127, 128, 129]",94,False,2.7977103603166475e-05,-1.454249928855425e-08,9.330548700818343e-06,20.0
FCZ,337,337,273,64,694,0.8100890207715133,0.2823164426059979,0.41871165644171776,cao2018,S09/060317n,all_channel,mean,mean__all_channel__FCZ,32,130,"[0, 1, 2, 3, 4, 5, 6, 7, 8, 9, 10, 11, 12, 13, 14, 15, 16, 17, 18, 19, 20, 21, 22, 24, 25, 26, 29, 30, 33, 37, 39, 40, 41, 42, 45, 56, 57, 59, 61, 67, 69, 70, 73, 74, 75, 81, 82, 83, 84, 85, 86, 87, 88, 89, 90, 91, 92, 93, 94, 95, 96, 97, 98, 99, 100, 101, 102, 103, 104, 105, 106, 107, 108, 109, 110, 111, 112, 113, 114, 115, 116, 117, 118, 119, 120, 121, 122, 123, 124, 125, 126, 127, 128, 129]",94,False,3.3672764370747495e-05,-1.2116952429926217e-09,1.1224658688663497e-05,20.0
FC4,373,373,266,107,701,0.7131367292225201,0.2750775594622544,0.3970149253731343,cao2018,S09/060317n,all_channel,mean,mean__all_channel__FC4,32,130,"[0, 1, 2, 3, 4, 5, 6, 7, 8, 9, 10, 11, 12, 13, 14, 15, 16, 17, 18, 19, 20, 21, 22, 24, 25, 26, 29, 30, 33, 37, 39, 40, 41, 42, 45, 56, 57, 59, 61, 67, 69, 70, 73, 74, 75, 81, 82, 83, 84, 85, 86, 87, 88, 89, 90, 91, 92, 93, 94, 95, 96, 97, 98, 99, 100, 101, 102, 103, 104, 105, 106, 107, 108, 109, 110, 111, 112, 113, 114, 115, 116, 117, 118, 119, 120, 121, 122, 123, 124, 125, 126, 127, 128, 129]",94,False,3.4882866074431216e-05,1.5897104623219648e-08,1.1622322989935998e-05,20.0
C3,276,276,201,75,766,0.7282608695652174,0.2078593588417787,0.3234111021721641,cao2018,S09/060317n,all_channel,mean,mean__all_channel__C3,32,130,"[0, 1, 2, 3, 4, 5, 6, 7, 8, 9, 10, 11, 12, 13, 14, 15, 16, 17, 18, 19, 20, 21, 22, 24, 25, 26, 29, 30, 33, 37, 39, 40, 41, 42, 45, 56, 57, 59, 61, 67, 69, 70, 73, 74, 75, 81, 82, 83, 84, 85, 86, 87, 88, 89, 90, 91, 92, 93, 94, 95, 96, 97, 98, 99, 100, 101, 102, 103, 104, 105, 106, 107, 108, 109, 110, 111, 112, 113, 114, 115, 116, 117, 118, 119, 120, 121, 122, 123, 124, 125, 126, 127, 128, 129]",94,False,2.8532149476243185e-05,-8.826239769435897e-09,9.513658572004207e-06,20.0
C4,274,274,155,119,812,0.5656934306569343,0.16028955532574973,0.24979854955680902,cao2018,S09/060317n,all_channel,mean,mean__all_channel__C4,32,130,"[0, 1, 2, 3, 4, 5, 6, 7, 8, 9, 10, 11, 12, 13, 14, 15, 16, 17, 18, 19, 20, 21, 22, 24, 25, 26, 29, 30, 33, 37, 39, 40, 41, 42, 45, 56, 57, 59, 61, 67, 69, 70, 73, 74, 75, 81, 82, 83, 84, 85, 86, 87, 88, 89, 90, 91, 92, 93, 94, 95, 96, 97, 98, 99, 100, 101, 102, 103, 104, 105, 106, 107, 108, 109, 110, 111, 112, 113, 114, 115, 116, 117, 118, 119, 120, 121, 122, 123, 124, 125, 126, 127, 128, 129]",94,False,3.2085148042553296e-05,1.6527994707849465e-08,1.0689540015948481e-05,20.0
CZ,196,196,129,67,838,0.6581632653061225,0.13340227507755947,0.22184006878761825,cao2018,S09/060317n,all_channel,mean,mean__all_channel__CZ,32,130,"[0, 1, 2, 3, 4, 5, 6, 7, 8, 9, 10, 11, 12, 13, 14, 15, 16, 17, 18, 19, 20, 21, 22, 24, 25, 26, 29, 30, 33, 37, 39, 40, 41, 42, 45, 56, 57, 59, 61, 67, 69, 70, 73, 74, 75, 81, 82, 83, 84, 85, 86, 87, 88, 89, 90, 91, 92, 93, 94, 95, 96, 97, 98, 99, 100, 101, 102, 103, 104, 105, 106, 107, 108, 109, 110, 111, 112, 113, 114, 115, 116, 117, 118, 119, 120, 121, 122, 123, 124, 125, 126, 127, 128, 129]",94,False,3.0818184031908163e-05,-6.784465336966028e-11,1.027275062552051e-05,20.0
TP7,208,208,128,80,839,0.6153846153846154,0.13236814891416754,0.21787234042553194,cao2018,S09/060317n,all_channel,mean,mean__all_channel__TP7,32,130,"[0, 1, 2, 3, 4, 5, 6, 7, 8, 9, 10, 11, 12, 13, 14, 15, 16, 17, 18, 19, 20, 21, 22, 24, 25, 26, 29, 30, 33, 37, 39, 40, 41, 42, 45, 56, 57, 59, 61, 67, 69, 70, 73, 74, 75, 81, 82, 83, 84, 85, 86, 87, 88, 89, 90, 91, 92, 93, 94, 95, 96, 97, 98, 99, 100, 101, 102, 103, 104, 105, 106, 107, 108, 109, 110, 111, 112, 113, 114, 115, 116, 117, 118, 119, 120, 121, 122, 123, 124, 125, 126, 127, 128, 129]",94,False,1.8338761268626228e-05,5.205433507198657e-09,6.11118527837301e-06,20.0
T6,266,266,130,136,837,0.48872180451127817,0.1344364012409514,0.210867802108678,cao2018,S09/060317n,all_channel,mean,mean__all_channel__T6,32,130,"[0, 1, 2, 3, 4, 5, 6, 7, 8, 9, 10, 11, 12, 13, 14, 15, 16, 17, 18, 19, 20, 21, 22, 24, 25, 26, 29, 30, 33, 37, 39, 40, 41, 42, 45, 56, 57, 59, 61, 67, 69, 70, 73, 74, 75, 81, 82, 83, 84, 85, 86, 87, 88, 89, 90, 91, 92, 93, 94, 95, 96, 97, 98, 99, 100, 101, 102, 103, 104, 105, 106, 107, 108, 109, 110, 111, 112, 113, 114, 115, 116, 117, 118, 119, 120, 121, 122, 123, 124, 125, 126, 127, 128, 129]",94,False,1.982135073649747e-05,5.32906302478123e-09,6.6053405578242306e-06,20.0
TP8,271,271,129,142,838,0.47601476014760147,0.13340227507755947,0.20840064620355417,cao2018,S09/060317n,all_channel,mean,mean__all_channel__TP8,32,130,"[0, 1, 2, 3, 4, 5, 6, 7, 8, 9, 10, 11, 12, 13, 14, 15, 16, 17, 18, 19, 20, 21, 22, 24, 25, 26, 29, 30, 33, 37, 39, 40, 41, 42, 45, 56, 57, 59, 61, 67, 69, 70, 73, 74, 75, 81, 82, 83, 84, 85, 86, 87, 88, 89, 90, 91, 92, 93, 94, 95, 96, 97, 98, 99, 100, 101, 102, 103, 104, 105, 106, 107, 108, 109, 110, 111, 112, 113, 114, 115, 116, 117, 118, 119, 120, 121, 122, 123, 124, 125, 126, 127, 128, 129]",94,False,1.9826204896586334e-05,6.599001419219462e-09,6.606535298389038e-06,20.0
CP4,204,204,98,106,869,0.4803921568627451,0.10134436401240951,0.16737830913748933,cao2018,S09/060317n,all_channel,mean,mean__all_channel__CP4,32,130,"[0, 1, 2, 3, 4, 5, 6, 7, 8, 9, 10, 11, 12, 13, 14, 15, 16, 17, 18, 19, 20, 21, 22, 24, 25, 26, 29, 30, 33, 37, 39, 40, 41, 42, 45, 56, 57, 59, 61, 67, 69, 70, 73, 74, 75, 81, 82, 83, 84, 85, 86, 87, 88, 89, 90, 91, 92, 93, 94, 95, 96, 97, 98, 99, 100, 101, 102, 103, 104, 105, 106, 107, 108, 109, 110, 111, 112, 113, 114, 115, 116, 117, 118, 119, 120, 121, 122, 123, 124, 125, 126, 127, 128, 129]",94,False,2.8304561903180146e-05,6.427113619706789e-09,9.432711596520146e-06,20.0
P3,144,144,89,55,878,0.6180555555555556,0.09203722854188211,0.1602160216021602,cao2018,S09/060317n,all_channel,mean,mean__all_channel__P3,32,130,"[0, 1, 2, 3, 4, 5, 6, 7, 8, 9, 10, 11, 12, 13, 14, 15, 16, 17, 18, 19, 20, 21, 22, 24, 25, 26, 29, 30, 33, 37, 39, 40, 41, 42, 45, 56, 57, 59, 61, 67, 69, 70, 73, 74, 75, 81, 82, 83, 84, 85, 86, 87, 88, 89, 90, 91, 92, 93, 94, 95, 96, 97, 98, 99, 100, 101, 102, 103, 104, 105, 106, 107, 108, 109, 110, 111, 112, 113, 114, 115, 116, 117, 118, 119, 120, 121, 122, 123, 124, 125, 126, 127, 128, 129]",94,False,2.5167210176219647e-05,-4.160908534312632e-09,8.39045702825132e-06,20.0
CP3,140,140,83,57,884,0.5928571428571429,0.08583247156153051,0.14995483288166214,cao2018,S09/060317n,all_channel,mean,mean__all_channel__CP3,32,130,"[0, 1, 2, 3, 4, 5, 6, 7, 8, 9, 10, 11, 12, 13, 14, 15, 16, 17, 18, 19, 20, 21, 22, 24, 25, 26, 29, 30, 33, 37, 39, 40, 41, 42, 45, 56, 57, 59, 61, 67, 69, 70, 73, 74, 75, 81, 82, 83, 84, 85, 86, 87, 88, 89, 90, 91, 92, 93, 94, 95, 96, 97, 98, 99, 100, 101, 102, 103, 104, 105, 106, 107, 108, 109, 110, 111, 112, 113, 114, 115, 116, 117, 118, 119, 120, 121, 122, 123, 124, 125, 126, 127, 128, 129]",94,False,2.519235045046458e-05,-4.0110263213656505e-09,8.398787158928647e-06,20.0
T5,144,144,76,68,891,0.5277777777777778,0.07859358841778696,0.1368136813681368,cao2018,S09/060317n,all_channel,mean,mean__all_channel__T5,32,130,"[0, 1, 2, 3, 4, 5, 6, 7, 8, 9, 10, 11, 12, 13, 14, 15, 16, 17, 18, 19, 20, 21, 22, 24, 25, 26, 29, 30, 33, 37, 39, 40, 41, 42, 45, 56, 57, 59, 61, 67, 69, 70, 73, 74, 75, 81, 82, 83, 84, 85, 86, 87, 88, 89, 90, 91, 92, 93, 94, 95, 96, 97, 98, 99, 100, 101, 102, 103, 104, 105, 106, 107, 108, 109, 110, 111, 112, 113, 114, 115, 116, 117, 118, 119, 120, 121, 122, 123, 124, 125, 126, 127, 128, 129]",94,False,1.7974606835625282e-05,-9.947867561212385e-10,5.991867207460468e-06,20.0
P4,141,141,75,66,892,0.5319148936170213,0.07755946225439504,0.13537906137184116,cao2018,S09/060317n,all_channel,mean,mean__all_channel__P4,32,130,"[0, 1, 2, 3, 4, 5, 6, 7, 8, 9, 10, 11, 12, 13, 14, 15, 16, 17, 18, 19, 20, 21, 22, 24, 25, 26, 29, 30, 33, 37, 39, 40, 41, 42, 45, 56, 57, 59, 61, 67, 69, 70, 73, 74, 75, 81, 82, 83, 84, 85, 86, 87, 88, 89, 90, 91, 92, 93, 94, 95, 96, 97, 98, 99, 100, 101, 102, 103, 104, 105, 106, 107, 108, 109, 110, 111, 112, 113, 114, 115, 116, 117, 118, 119, 120, 121, 122, 123, 124, 125, 126, 127, 128, 129]",94,False,2.497509753340055e-05,-5.056568199315785e-09,8.326718033866622e-06,20.0
CPZ,138,138,74,64,893,0.5362318840579711,0.07652533609100311,0.13393665158371043,cao2018,S09/060317n,all_channel,mean,mean__all_channel__CPZ,32,130,"[0, 1, 2, 3, 4, 5, 6, 7, 8, 9, 10, 11, 12, 13, 14, 15, 16, 17, 18, 19, 20, 21, 22, 24, 25, 26, 29, 30, 33, 37, 39, 40, 41, 42, 45, 56, 57, 59, 61, 67, 69, 70, 73, 74, 75, 81, 82, 83, 84, 85, 86, 87, 88, 89, 90, 91, 92, 93, 94, 95, 96, 97, 98, 99, 100, 101, 102, 103, 104, 105, 106, 107, 108, 109, 110, 111, 112, 113, 114, 115, 116, 117, 118, 119, 120, 121, 122, 123, 124, 125, 126, 127, 128, 129]",94,False,2.7710715098109505e-05,-1.9851978878586393e-10,9.236971205966097e-06,20.0
A1,196,196,75,121,892,0.3826530612244898,0.07755946225439504,0.1289767841788478,cao2018,S09/060317n,all_channel,mean,mean__all_channel__A1,32,130,"[0, 1, 2, 3, 4, 5, 6, 7, 8, 9, 10, 11, 12, 13, 14, 15, 16, 17, 18, 19, 20, 21, 22, 24, 25, 26, 29, 30, 33, 37, 39, 40, 41, 42, 45, 56, 57, 59, 61, 67, 69, 70, 73, 74, 75, 81, 82, 83, 84, 85, 86, 87, 88, 89, 90, 91, 92, 93, 94, 95, 96, 97, 98, 99, 100, 101, 102, 103, 104, 105, 106, 107, 108, 109, 110, 111, 112, 113, 114, 115, 116, 117, 118, 119, 120, 121, 122, 123, 124, 125, 126, 127, 128, 129]",94,False,7.9466744885609e-06,3.919840553465885e-09,2.6475848826691445e-06,20.0
A2,188,188,72,116,895,0.3829787234042553,0.07445708376421924,0.12467532467532469,cao2018,S09/060317n,all_channel,mean,mean__all_channel__A2,32,130,"[0, 1, 2, 3, 4, 5, 6, 7, 8, 9, 10, 11, 12, 13, 14, 15, 16, 17, 18, 19, 20, 21, 22, 24, 25, 26, 29, 30, 33, 37, 39, 40, 41, 42, 45, 56, 57, 59, 61, 67, 69, 70, 73, 74, 75, 81, 82, 83, 84, 85, 86, 87, 88, 89, 90, 91, 92, 93, 94, 95, 96, 97, 98, 99, 100, 101, 102, 103, 104, 105, 106, 107, 108, 109, 110, 111, 112, 113, 114, 115, 116, 117, 118, 119, 120, 121, 122, 123, 124, 125, 126, 127, 128, 129]",94,False,7.938834807453968e-06,-3.919840553465885e-09,2.6475848826691445e-06,20.0
PZ,96,96,48,48,919,0.5,0.04963805584281282,0.09031044214487301,cao2018,S09/060317n,all_channel,mean,mean__all_channel__PZ,32,130,"[0, 1, 2, 3, 4, 5, 6, 7, 8, 9, 10, 11, 12, 13, 14, 15, 16, 17, 18, 19, 20, 21, 22, 24, 25, 26, 29, 30, 33, 37, 39, 40, 41, 42, 45, 56, 57, 59, 61, 67, 69, 70, 73, 74, 75, 81, 82, 83, 84, 85, 86, 87, 88, 89, 90, 91, 92, 93, 94, 95, 96, 97, 98, 99, 100, 101, 102, 103, 104, 105, 106, 107, 108, 109, 110, 111, 112, 113, 114, 115, 116, 117, 118, 119, 120, 121, 122, 123, 124, 125, 126, 127, 128, 129]",94,False,2.5339778647642974e-05,-3.4892400683729357e-09,8.44775596257045e-06,20.0
O2,70,70,33,37,934,0.4714285714285714,0.03412616339193381,0.06364513018322082,cao2018,S09/060317n,all_channel,mean,mean__all_channel__O2,32,130,"[0, 1, 2, 3, 4, 5, 6, 7, 8, 9, 10, 11, 12, 13, 14, 15, 16, 17, 18, 19, 20, 21, 22, 24, 25, 26, 29, 30, 33, 37, 39, 40, 41, 42, 45, 56, 57, 59, 61, 67, 69, 70, 73, 74, 75, 81, 82, 83, 84, 85, 86, 87, 88, 89, 90, 91, 92, 93, 94, 95, 96, 97, 98, 99, 100, 101, 102, 103, 104, 105, 106, 107, 108, 109, 110, 111, 112, 113, 114, 115, 116, 117, 118, 119, 120, 121, 122, 123, 124, 125, 126, 127, 128, 129]",94,False,1.7276691528051695e-05,-1.0757415422456126e-08,5.76248298115805e-06,20.0
OZ,70,70,30,40,937,0.42857142857142855,0.031023784901758014,0.05785920925747348,cao2018,S09/060317n,all_channel,mean,mean__all_channel__OZ,32,130,"[0, 1, 2, 3, 4, 5, 6, 7, 8, 9, 10, 11, 12, 13, 14, 15, 16, 17, 18, 19, 20, 21, 22, 24, 25, 26, 29, 30, 33, 37, 39, 40, 41, 42, 45, 56, 57, 59, 61, 67, 69, 70, 73, 74, 75, 81, 82, 83, 84, 85, 86, 87, 88, 89, 90, 91, 92, 93, 94, 95, 96, 97, 98, 99, 100, 101, 102, 103, 104, 105, 106, 107, 108, 109, 110, 111, 112, 113, 114, 115, 116, 117, 118, 119, 120, 121, 122, 123, 124, 125, 126, 127, 128, 129]",94,False,1.6309952532506168e-05,-1.054959514901909e-08,5.440167375885062e-06,20.0
O1,70,70,29,41,938,0.4142857142857143,0.02998965873836608,0.05593056894889103,cao2018,S09/060317n,all_channel,mean,mean__all_channel__O1,32,130,"[0, 1, 2, 3, 4, 5, 6, 7, 8, 9, 10, 11, 12, 13, 14, 15, 16, 17, 18, 19, 20, 21, 22, 24, 25, 26, 29, 30, 33, 37, 39, 40, 41, 42, 45, 56, 57, 59, 61, 67, 69, 70, 73, 74, 75, 81, 82, 83, 84, 85, 86, 87, 88, 89, 90, 91, 92, 93, 94, 95, 96, 97, 98, 99, 100, 101, 102, 103, 104, 105, 106, 107, 108, 109, 110, 111, 112, 113, 114, 115, 116, 117, 118, 119, 120, 121, 122, 123, 124, 125, 126, 127, 128, 129]",94,False,1.624889406571014e-05,-1.00406602684248e-08,5.419644908659521e-06,20.0
FP1,1079,1079,958,121,9,0.8878591288229842,0.9906928645294726,0.9364613880742912,cao2018,S09/060317n,frontal,median,median__frontal__FP1,4,130,"[0, 1, 2, 3, 4, 5, 6, 7, 8, 9, 10, 11, 12, 13, 14, 15, 16, 17, 18, 19, 20, 21, 22, 24, 25, 26, 30, 39, 40, 41, 42, 45, 59, 61, 69, 73, 74, 75, 81, 82, 83, 84, 85, 86, 87, 88, 89, 90, 91, 92, 93, 94, 95, 96, 97, 98, 99, 100, 101, 102, 103, 104, 105, 106, 107, 108, 109, 110, 111, 112, 113, 114, 115, 116, 117, 118, 119, 120, 121, 122, 123, 124, 125, 126, 127, 128, 129]",87,False,5.912320742307083e-05,-6.832364820702117e-06,2.1985190747924316e-05,20.0
FP2,1084,1084,957,127,10,0.8828413284132841,0.9896587383660806,0.9332033154558752,cao2018,S09/060317n,frontal,median,median__frontal__FP2,4,130,"[0, 1, 2, 3, 4, 5, 6, 7, 8, 9, 10, 11, 12, 13, 14, 15, 16, 17, 18, 19, 20, 21, 22, 24, 25, 26, 30, 39, 40, 41, 42, 45, 59, 61, 69, 73, 74, 75, 81, 82, 83, 84, 85, 86, 87, 88, 89, 90, 91, 92, 93, 94, 95, 96, 97, 98, 99, 100, 101, 102, 103, 104, 105, 106, 107, 108, 109, 110, 111, 112, 113, 114, 115, 116, 117, 118, 119, 120, 121, 122, 123, 124, 125, 126, 127, 128, 129]",87,False,5.4313312187695305e-05,-6.199056891607621e-06,2.0170789693100975e-05,20.0
F3,773,773,685,88,282,0.8861578266494179,0.7083764219234746,0.7873563218390806,cao2018,S09/060317n,frontal,median,median__frontal__F3,4,130,"[0, 1, 2, 3, 4, 5, 6, 7, 8, 9, 10, 11, 12, 13, 14, 15, 16, 17, 18, 19, 20, 21, 22, 24, 25, 26, 30, 39, 40, 41, 42, 45, 59, 61, 69, 73, 74, 75, 81, 82, 83, 84, 85, 86, 87, 88, 89, 90, 91, 92, 93, 94, 95, 96, 97, 98, 99, 100, 101, 102, 103, 104, 105, 106, 107, 108, 109, 110, 111, 112, 113, 114, 115, 116, 117, 118, 119, 120, 121, 122, 123, 124, 125, 126, 127, 128, 129]",87,False,3.46937514865076e-05,-1.9160853716774723e-06,1.2203278952728358e-05,20.0
F4,721,721,625,96,342,0.8668515950069348,0.6463288521199586,0.740521327014218,cao2018,S09/060317n,frontal,median,median__frontal__F4,4,130,"[0, 1, 2, 3, 4, 5, 6, 7, 8, 9, 10, 11, 12, 13, 14, 15, 16, 17, 18, 19, 20, 21, 22, 24, 25, 26, 30, 39, 40, 41, 42, 45, 59, 61, 69, 73, 74, 75, 81, 82, 83, 84, 85, 86, 87, 88, 89, 90, 91, 92, 93, 94, 95, 96, 97, 98, 99, 100, 101, 102, 103, 104, 105, 106, 107, 108, 109, 110, 111, 112, 113, 114, 115, 116, 117, 118, 119, 120, 121, 122, 123, 124, 125, 126, 127, 128, 129]",87,False,3.680263906231528e-05,-2.0848180562535883e-06,1.296248570618962e-05,20.0
FP1,1058,1058,955,103,12,0.9026465028355387,0.9875904860392968,0.9432098765432098,cao2018,S09/060317n,frontal,mean,mean__frontal__FP1,4,130,"[0, 1, 2, 3, 4, 5, 6, 7, 8, 9, 10, 11, 12, 13, 14, 15, 16, 17, 18, 19, 20, 21, 22, 24, 25, 26, 30, 39, 40, 41, 42, 45, 59, 61, 69, 73, 74, 75, 81, 82, 83, 84, 85, 86, 87, 88, 89, 90, 91, 92, 93, 94, 95, 96, 97, 98, 99, 100, 101, 102, 103, 104, 105, 106, 107, 108, 109, 110, 111, 112, 113, 114, 115, 116, 117, 118, 119, 120, 121, 122, 123, 124, 125, 126, 127, 128, 129]",87,False,6.591109041374519e-05,-4.448183002775907e-08,2.1985190747924316e-05,20.0
FP2,1063,1063,953,110,14,0.896519285042333,0.9855222337125129,0.9389162561576355,cao2018,S09/060317n,frontal,mean,mean__frontal__FP2,4,130,"[0, 1, 2, 3, 4, 5, 6, 7, 8, 9, 10, 11, 12, 13, 14, 15, 16, 17, 18, 19, 20, 21, 22, 24, 25, 26, 30, 39, 40, 41, 42, 45, 59, 61, 69, 73, 74, 75, 81, 82, 83, 84, 85, 86, 87, 88, 89, 90, 91, 92, 93, 94, 95, 96, 97, 98, 99, 100, 101, 102, 103, 104, 105, 106, 107, 108, 109, 110, 111, 112, 113, 114, 115, 116, 117, 118, 119, 120, 121, 122, 123, 124, 125, 126, 127, 128, 129]",87,False,6.047646780201579e-05,-3.590127728713695e-08,2.0170789693100975e-05,20.0
F3,708,708,631,77,336,0.8912429378531074,0.6525336091003102,0.7534328358208956,cao2018,S09/060317n,frontal,mean,mean__frontal__F3,4,130,"[0, 1, 2, 3, 4, 5, 6, 7, 8, 9, 10, 11, 12, 13, 14, 15, 16, 17, 18, 19, 20, 21, 22, 24, 25, 26, 30, 39, 40, 41, 42, 45, 59, 61, 69, 73, 74, 75, 81, 82, 83, 84, 85, 86, 87, 88, 89, 90, 91, 92, 93, 94, 95, 96, 97, 98, 99, 100, 101, 102, 103, 104, 105, 106, 107, 108, 109, 110, 111, 112, 113, 114, 115, 116, 117, 118, 119, 120, 121, 122, 123, 124, 125, 126, 127, 128, 129]",87,False,3.660053965674656e-05,-9.297201438513508e-09,1.2203278952728358e-05,20.0
F4,648,648,560,88,407,0.8641975308641975,0.5791106514994829,0.6934984520123839,cao2018,S09/060317n,frontal,mean,mean__frontal__F4,4,130,"[0, 1, 2, 3, 4, 5, 6, 7, 8, 9, 10, 11, 12, 13, 14, 15, 16, 17, 18, 19, 20, 21, 22, 24, 25, 26, 30, 39, 40, 41, 42, 45, 59, 61, 69, 73, 74, 75, 81, 82, 83, 84, 85, 86, 87, 88, 89, 90, 91, 92, 93, 94, 95, 96, 97, 98, 99, 100, 101, 102, 103, 104, 105, 106, 107, 108, 109, 110, 111, 112, 113, 114, 115, 116, 117, 118, 119, 120, 121, 122, 123, 124, 125, 126, 127, 128, 129]",87,False,3.889263247095978e-05,5.175352390919086e-09,1.296248570618962e-05,20.0
FP1,1076,1076,958,118,9,0.8903345724907064,0.9906928645294726,0.9378365149290259,cao2018,S09/060317n,frontal_left,median,median__frontal_left__FP1,2,130,"[0, 1, 2, 3, 4, 5, 6, 7, 8, 9, 10, 11, 12, 13, 14, 15, 16, 17, 18, 19, 20, 21, 22, 24, 25, 26, 30, 39, 40, 41, 42, 45, 59, 61, 69, 75, 81, 82, 83, 84, 85, 86, 87, 88, 89, 90, 91, 92, 93, 94, 95, 96, 97, 98, 99, 100, 101, 102, 103, 104, 105, 106, 107, 108, 109, 110, 111, 112, 113, 114, 115, 116, 117, 118, 119, 120, 121, 122, 123, 124, 125, 126, 127, 128, 129]",85,False,5.9389204902178764e-05,-7.074814650849031e-06,2.21546731843426e-05,20.0
F3,774,774,686,88,281,0.8863049095607235,0.7094105480868665,0.7880528431935669,cao2018,S09/060317n,frontal_left,median,median__frontal_left__F3,2,130,"[0, 1, 2, 3, 4, 5, 6, 7, 8, 9, 10, 11, 12, 13, 14, 15, 16, 17, 18, 19, 20, 21, 22, 24, 25, 26, 30, 39, 40, 41, 42, 45, 59, 61, 69, 75, 81, 82, 83, 84, 85, 86, 87, 88, 89, 90, 91, 92, 93, 94, 95, 96, 97, 98, 99, 100, 101, 102, 103, 104, 105, 106, 107, 108, 109, 110, 111, 112, 113, 114, 115, 116, 117, 118, 119, 120, 121, 122, 123, 124, 125, 126, 127, 128, 129]",85,False,3.466955983274686e-05,-1.9709911817098783e-06,1.2213517004818913e-05,20.0
FP1,1059,1059,954,105,13,0.9008498583569405,0.9865563598759048,0.9417571569595262,cao2018,S09/060317n,frontal_left,mean,mean__frontal_left__FP1,2,130,"[0, 1, 2, 3, 4, 5, 6, 7, 8, 9, 10, 11, 12, 13, 14, 15, 16, 17, 18, 19, 20, 21, 22, 24, 25, 26, 30, 39, 40, 41, 42, 45, 59, 61, 69, 75, 81, 82, 83, 84, 85, 86, 87, 88, 89, 90, 91, 92, 93, 94, 95, 96, 97, 98, 99, 100, 101, 102, 103, 104, 105, 106, 107, 108, 109, 110, 111, 112, 113, 114, 115, 116, 117, 118, 119, 120, 121, 122, 123, 124, 125, 126, 127, 128, 129]",85,False,6.641720048948668e-05,-4.681906354112068e-08,2.21546731843426e-05,20.0
F3,707,707,630,77,337,0.8910891089108911,0.6514994829369183,0.7526881720430108,cao2018,S09/060317n,frontal_left,mean,mean__frontal_left__F3,2,130,"[0, 1, 2, 3, 4, 5, 6, 7, 8, 9, 10, 11, 12, 13, 14, 15, 16, 17, 18, 19, 20, 21, 22, 24, 25, 26, 30, 39, 40, 41, 42, 45, 59, 61, 69, 75, 81, 82, 83, 84, 85, 86, 87, 88, 89, 90, 91, 92, 93, 94, 95, 96, 97, 98, 99, 100, 101, 102, 103, 104, 105, 106, 107, 108, 109, 110, 111, 112, 113, 114, 115, 116, 117, 118, 119, 120, 121, 122, 123, 124, 125, 126, 127, 128, 129]",85,False,3.662910816485399e-05,-1.1442849602752295e-08,1.2213517004818913e-05,20.0
FP2,1084,1084,957,127,10,0.8828413284132841,0.9896587383660806,0.9332033154558752,cao2018,S09/060317n,frontal_right,median,median__frontal_right__FP2,2,130,"[0, 1, 2, 3, 4, 5, 6, 7, 8, 9, 10, 11, 12, 13, 14, 15, 16, 17, 18, 19, 20, 21, 22, 24, 25, 26, 30, 39, 40, 41, 42, 45, 59, 61, 69, 73, 74, 75, 81, 82, 83, 84, 85, 86, 87, 88, 89, 90, 91, 92, 93, 94, 95, 96, 97, 98, 99, 100, 101, 102, 103, 104, 105, 106, 107, 108, 109, 110, 111, 112, 113, 114, 115, 116, 117, 118, 119, 120, 121, 122, 123, 124, 125, 126, 127, 128, 129]",87,False,5.4313312187695305e-05,-6.199056891607621e-06,2.0170789693100975e-05,20.0
F4,721,721,625,96,342,0.8668515950069348,0.6463288521199586,0.740521327014218,cao2018,S09/060317n,frontal_right,median,median__frontal_right__F4,2,130,"[0, 1, 2, 3, 4, 5, 6, 7, 8, 9, 10, 11, 12, 13, 14, 15, 16, 17, 18, 19, 20, 21, 22, 24, 25, 26, 30, 39, 40, 41, 42, 45, 59, 61, 69, 73, 74, 75, 81, 82, 83, 84, 85, 86, 87, 88, 89, 90, 91, 92, 93, 94, 95, 96, 97, 98, 99, 100, 101, 102, 103, 104, 105, 106, 107, 108, 109, 110, 111, 112, 113, 114, 115, 116, 117, 118, 119, 120, 121, 122, 123, 124, 125, 126, 127, 128, 129]",87,False,3.680263906231528e-05,-2.0848180562535883e-06,1.296248570618962e-05,20.0
FP2,1063,1063,953,110,14,0.896519285042333,0.9855222337125129,0.9389162561576355,cao2018,S09/060317n,frontal_right,mean,mean__frontal_right__FP2,2,130,"[0, 1, 2, 3, 4, 5, 6, 7, 8, 9, 10, 11, 12, 13, 14, 15, 16, 17, 18, 19, 20, 21, 22, 24, 25, 26, 30, 39, 40, 41, 42, 45, 59, 61, 69, 73, 74, 75, 81, 82, 83, 84, 85, 86, 87, 88, 89, 90, 91, 92, 93, 94, 95, 96, 97, 98, 99, 100, 101, 102, 103, 104, 105, 106, 107, 108, 109, 110, 111, 112, 113, 114, 115, 116, 117, 118, 119, 120, 121, 122, 123, 124, 125, 126, 127, 128, 129]",87,False,6.047646780201579e-05,-3.590127728713695e-08,2.0170789693100975e-05,20.0
F4,648,648,560,88,407,0.8641975308641975,0.5791106514994829,0.6934984520123839,cao2018,S09/060317n,frontal_right,mean,mean__frontal_right__F4,2,130,"[0, 1, 2, 3, 4, 5, 6, 7, 8, 9, 10, 11, 12, 13, 14, 15, 16, 17, 18, 19, 20, 21, 22, 24, 25, 26, 30, 39, 40, 41, 42, 45, 59, 61, 69, 73, 74, 75, 81, 82, 83, 84, 85, 86, 87, 88, 89, 90, 91, 92, 93, 94, 95, 96, 97, 98, 99, 100, 101, 102, 103, 104, 105, 106, 107, 108, 109, 110, 111, 112, 113, 114, 115, 116, 117, 118, 119, 120, 121, 122, 123, 124, 125, 126, 127, 128, 129]",87,False,3.889263247095978e-05,5.175352390919086e-09,1.296248570618962e-05,20.0
FP1,1093,1093,968,125,8,0.8856358645928637,0.9918032786885246,0.9357177380376993,cao2018,S09/060317n,all_channel,median,median__all_channel__FP1,32,87,"[0, 1, 2, 3, 4, 5, 6, 7, 8, 9, 10, 11, 12, 13, 14, 15, 16, 17, 19, 20, 25, 26, 27, 37, 41, 46, 49, 50, 54, 55, 56, 57, 58, 59, 60, 61, 62, 63, 64, 65, 66, 67, 68, 69, 70, 71, 72, 73, 74, 75, 76, 77, 78, 79, 80, 81, 82, 83, 84, 85, 86]",61,False,5.727968774008437e-05,-6.108722737652955e-06,2.1129470159245778e-05,30.0
FP2,1099,1099,967,132,9,0.8798908098271155,0.9907786885245902,0.9320481927710844,cao2018,S09/060317n,all_channel,median,median__all_channel__FP2,32,87,"[0, 1, 2, 3, 4, 5, 6, 7, 8, 9, 10, 11, 12, 13, 14, 15, 16, 17, 19, 20, 25, 26, 27, 37, 41, 46, 49, 50, 54, 55, 56, 57, 58, 59, 60, 61, 62, 63, 64, 65, 66, 67, 68, 69, 70, 71, 72, 73, 74, 75, 76, 77, 78, 79, 80, 81, 82, 83, 84, 85, 86]",61,False,5.253587195093794e-05,-5.54494074708207e-06,1.9360270899340003e-05,30.0
FZ,815,815,739,76,237,0.9067484662576687,0.757172131147541,0.8252372975991067,cao2018,S09/060317n,all_channel,median,median__all_channel__FZ,32,87,"[0, 1, 2, 3, 4, 5, 6, 7, 8, 9, 10, 11, 12, 13, 14, 15, 16, 17, 19, 20, 25, 26, 27, 37, 41, 46, 49, 50, 54, 55, 56, 57, 58, 59, 60, 61, 62, 63, 64, 65, 66, 67, 68, 69, 70, 71, 72, 73, 74, 75, 76, 77, 78, 79, 80, 81, 82, 83, 84, 85, 86]",61,False,3.534800762051636e-05,-2.100260626710074e-06,1.248275608240881e-05,30.0
F3,793,793,701,92,275,0.8839848675914249,0.7182377049180327,0.7925381571509327,cao2018,S09/060317n,all_channel,median,median__all_channel__F3,32,87,"[0, 1, 2, 3, 4, 5, 6, 7, 8, 9, 10, 11, 12, 13, 14, 15, 16, 17, 19, 20, 25, 26, 27, 37, 41, 46, 49, 50, 54, 55, 56, 57, 58, 59, 60, 61, 62, 63, 64, 65, 66, 67, 68, 69, 70, 71, 72, 73, 74, 75, 76, 77, 78, 79, 80, 81, 82, 83, 84, 85, 86]",61,False,3.4219336037969795e-05,-1.831048308260496e-06,1.2016794782076764e-05,30.0
F8,833,833,690,143,286,0.8283313325330132,0.7069672131147541,0.7628524046434495,cao2018,S09/060317n,all_channel,median,median__all_channel__F8,32,87,"[0, 1, 2, 3, 4, 5, 6, 7, 8, 9, 10, 11, 12, 13, 14, 15, 16, 17, 19, 20, 25, 26, 27, 37, 41, 46, 49, 50, 54, 55, 56, 57, 58, 59, 60, 61, 62, 63, 64, 65, 66, 67, 68, 69, 70, 71, 72, 73, 74, 75, 76, 77, 78, 79, 80, 81, 82, 83, 84, 85, 86]",61,False,4.000372366901628e-05,-2.0519767199008584e-06,1.4018566796305715e-05,30.0
F4,741,741,644,97,332,0.8690958164642375,0.6598360655737705,0.7501456027955736,cao2018,S09/060317n,all_channel,median,median__all_channel__F4,32,87,"[0, 1, 2, 3, 4, 5, 6, 7, 8, 9, 10, 11, 12, 13, 14, 15, 16, 17, 19, 20, 25, 26, 27, 37, 41, 46, 49, 50, 54, 55, 56, 57, 58, 59, 60, 61, 62, 63, 64, 65, 66, 67, 68, 69, 70, 71, 72, 73, 74, 75, 76, 77, 78, 79, 80, 81, 82, 83, 84, 85, 86]",61,False,3.620907925891599e-05,-1.964195965378424e-06,1.2724425074764804e-05,30.0
F7,713,713,603,110,373,0.8457223001402524,0.617827868852459,0.714031971580817,cao2018,S09/060317n,all_channel,median,median__all_channel__F7,32,87,"[0, 1, 2, 3, 4, 5, 6, 7, 8, 9, 10, 11, 12, 13, 14, 15, 16, 17, 19, 20, 25, 26, 27, 37, 41, 46, 49, 50, 54, 55, 56, 57, 58, 59, 60, 61, 62, 63, 64, 65, 66, 67, 68, 69, 70, 71, 72, 73, 74, 75, 76, 77, 78, 79, 80, 81, 82, 83, 84, 85, 86]",61,False,2.617659971908816e-05,-1.0585225401153336e-06,9.078374086401164e-06,30.0
FT7,703,703,590,113,386,0.8392603129445235,0.6045081967213115,0.7027992852888625,cao2018,S09/060317n,all_channel,median,median__all_channel__FT7,32,87,"[0, 1, 2, 3, 4, 5, 6, 7, 8, 9, 10, 11, 12, 13, 14, 15, 16, 17, 19, 20, 25, 26, 27, 37, 41, 46, 49, 50, 54, 55, 56, 57, 58, 59, 60, 61, 62, 63, 64, 65, 66, 67, 68, 69, 70, 71, 72, 73, 74, 75, 76, 77, 78, 79, 80, 81, 82, 83, 84, 85, 86]",61,False,2.609508611281876e-05,-1.0460413262496723e-06,9.047042479689478e-06,30.0
T3,676,676,564,112,412,0.834319526627219,0.5778688524590164,0.6828087167070218,cao2018,S09/060317n,all_channel,median,median__all_channel__T3,32,87,"[0, 1, 2, 3, 4, 5, 6, 7, 8, 9, 10, 11, 12, 13, 14, 15, 16, 17, 19, 20, 25, 26, 27, 37, 41, 46, 49, 50, 54, 55, 56, 57, 58, 59, 60, 61, 62, 63, 64, 65, 66, 67, 68, 69, 70, 71, 72, 73, 74, 75, 76, 77, 78, 79, 80, 81, 82, 83, 84, 85, 86]",61,False,2.5450487126022264e-05,-9.693154301897399e-07,8.806600852070669e-06,30.0
FC3,486,486,397,89,579,0.8168724279835391,0.4067622950819672,0.5430916552667578,cao2018,S09/060317n,all_channel,median,median__all_channel__FC3,32,87,"[0, 1, 2, 3, 4, 5, 6, 7, 8, 9, 10, 11, 12, 13, 14, 15, 16, 17, 19, 20, 25, 26, 27, 37, 41, 46, 49, 50, 54, 55, 56, 57, 58, 59, 60, 61, 62, 63, 64, 65, 66, 67, 68, 69, 70, 71, 72, 73, 74, 75, 76, 77, 78, 79, 80, 81, 82, 83, 84, 85, 86]",61,False,3.09520617177555e-05,-1.2166318887271972e-06,1.0722897868827564e-05,30.0
FT8,488,488,364,124,612,0.7459016393442623,0.3729508196721312,0.4972677595628415,cao2018,S09/060317n,all_channel,median,median__all_channel__FT8,32,87,"[0, 1, 2, 3, 4, 5, 6, 7, 8, 9, 10, 11, 12, 13, 14, 15, 16, 17, 19, 20, 25, 26, 27, 37, 41, 46, 49, 50, 54, 55, 56, 57, 58, 59, 60, 61, 62, 63, 64, 65, 66, 67, 68, 69, 70, 71, 72, 73, 74, 75, 76, 77, 78, 79, 80, 81, 82, 83, 84, 85, 86]",61,False,2.8201329728845705e-05,-6.864352599540848e-07,9.629254996266597e-06,30.0
FCZ,385,385,313,72,663,0.812987012987013,0.3206967213114754,0.4599559147685525,cao2018,S09/060317n,all_channel,median,median__all_channel__FCZ,32,87,"[0, 1, 2, 3, 4, 5, 6, 7, 8, 9, 10, 11, 12, 13, 14, 15, 16, 17, 19, 20, 25, 26, 27, 37, 41, 46, 49, 50, 54, 55, 56, 57, 58, 59, 60, 61, 62, 63, 64, 65, 66, 67, 68, 69, 70, 71, 72, 73, 74, 75, 76, 77, 78, 79, 80, 81, 82, 83, 84, 85, 86]",61,False,3.243045941785449e-05,-1.1936257460772891e-06,1.1208028387977258e-05,30.0
FC4,423,423,306,117,670,0.723404255319149,0.3135245901639344,0.4374553252323088,cao2018,S09/060317n,all_channel,median,median__all_channel__FC4,32,87,"[0, 1, 2, 3, 4, 5, 6, 7, 8, 9, 10, 11, 12, 13, 14, 15, 16, 17, 19, 20, 25, 26, 27, 37, 41, 46, 49, 50, 54, 55, 56, 57, 58, 59, 60, 61, 62, 63, 64, 65, 66, 67, 68, 69, 70, 71, 72, 73, 74, 75, 76, 77, 78, 79, 80, 81, 82, 83, 84, 85, 86]",61,False,3.360108382137646e-05,-1.3468623993735672e-06,1.1649315406916676e-05,30.0
T4,428,428,307,121,669,0.7172897196261683,0.3145491803278688,0.4373219373219373,cao2018,S09/060317n,all_channel,median,median__all_channel__T4,32,87,"[0, 1, 2, 3, 4, 5, 6, 7, 8, 9, 10, 11, 12, 13, 14, 15, 16, 17, 19, 20, 25, 26, 27, 37, 41, 46, 49, 50, 54, 55, 56, 57, 58, 59, 60, 61, 62, 63, 64, 65, 66, 67, 68, 69, 70, 71, 72, 73, 74, 75, 76, 77, 78, 79, 80, 81, 82, 83, 84, 85, 86]",61,False,2.7452497090421272e-05,-5.74807102264615e-07,9.342434730895296e-06,30.0
C3,304,304,226,78,750,0.743421052631579,0.23155737704918034,0.353125,cao2018,S09/060317n,all_channel,median,median__all_channel__C3,32,87,"[0, 1, 2, 3, 4, 5, 6, 7, 8, 9, 10, 11, 12, 13, 14, 15, 16, 17, 19, 20, 25, 26, 27, 37, 41, 46, 49, 50, 54, 55, 56, 57, 58, 59, 60, 61, 62, 63, 64, 65, 66, 67, 68, 69, 70, 71, 72, 73, 74, 75, 76, 77, 78, 79, 80, 81, 82, 83, 84, 85, 86]",61,False,2.7715841260396846e-05,-8.494219354282497e-07,9.521754398608365e-06,30.0
C4,291,291,170,121,806,0.584192439862543,0.17418032786885246,0.26835043409629045,cao2018,S09/060317n,all_channel,median,median__all_channel__C4,32,87,"[0, 1, 2, 3, 4, 5, 6, 7, 8, 9, 10, 11, 12, 13, 14, 15, 16, 17, 19, 20, 25, 26, 27, 37, 41, 46, 49, 50, 54, 55, 56, 57, 58, 59, 60, 61, 62, 63, 64, 65, 66, 67, 68, 69, 70, 71, 72, 73, 74, 75, 76, 77, 78, 79, 80, 81, 82, 83, 84, 85, 86]",61,False,3.132160507738416e-05,-9.700035527408788e-07,1.0763869543375013e-05,30.0
CZ,212,212,142,70,834,0.6698113207547169,0.14549180327868852,0.23905723905723905,cao2018,S09/060317n,all_channel,median,median__all_channel__CZ,32,87,"[0, 1, 2, 3, 4, 5, 6, 7, 8, 9, 10, 11, 12, 13, 14, 15, 16, 17, 19, 20, 25, 26, 27, 37, 41, 46, 49, 50, 54, 55, 56, 57, 58, 59, 60, 61, 62, 63, 64, 65, 66, 67, 68, 69, 70, 71, 72, 73, 74, 75, 76, 77, 78, 79, 80, 81, 82, 83, 84, 85, 86]",61,False,3.005933586853217e-05,-8.000613672213836e-07,1.0286465745251184e-05,30.0
TP7,212,212,131,81,845,0.6179245283018868,0.13422131147540983,0.22053872053872056,cao2018,S09/060317n,all_channel,median,median__all_channel__TP7,32,87,"[0, 1, 2, 3, 4, 5, 6, 7, 8, 9, 10, 11, 12, 13, 14, 15, 16, 17, 19, 20, 25, 26, 27, 37, 41, 46, 49, 50, 54, 55, 56, 57, 58, 59, 60, 61, 62, 63, 64, 65, 66, 67, 68, 69, 70, 71, 72, 73, 74, 75, 76, 77, 78, 79, 80, 81, 82, 83, 84, 85, 86]",61,False,1.811697868351193e-05,-3.596817229528568e-07,6.158886802154929e-06,30.0
T6,270,270,132,138,844,0.4888888888888889,0.13524590163934427,0.21187800963081863,cao2018,S09/060317n,all_channel,median,median__all_channel__T6,32,87,"[0, 1, 2, 3, 4, 5, 6, 7, 8, 9, 10, 11, 12, 13, 14, 15, 16, 17, 19, 20, 25, 26, 27, 37, 41, 46, 49, 50, 54, 55, 56, 57, 58, 59, 60, 61, 62, 63, 64, 65, 66, 67, 68, 69, 70, 71, 72, 73, 74, 75, 76, 77, 78, 79, 80, 81, 82, 83, 84, 85, 86]",61,False,1.9566136556755584e-05,-4.3282705106088334e-07,6.666321202605489e-06,30.0
TP8,275,275,132,143,844,0.48,0.13524590163934427,0.21103117505995206,cao2018,S09/060317n,all_channel,median,median__all_channel__TP8,32,87,"[0, 1, 2, 3, 4, 5, 6, 7, 8, 9, 10, 11, 12, 13, 14, 15, 16, 17, 19, 20, 25, 26, 27, 37, 41, 46, 49, 50, 54, 55, 56, 57, 58, 59, 60, 61, 62, 63, 64, 65, 66, 67, 68, 69, 70, 71, 72, 73, 74, 75, 76, 77, 78, 79, 80, 81, 82, 83, 84, 85, 86]",61,False,1.9576597971720785e-05,-4.1523416073570153e-07,6.663944044152162e-06,30.0
CP4,211,211,108,103,868,0.5118483412322274,0.11065573770491803,0.18197135636057288,cao2018,S09/060317n,all_channel,median,median__all_channel__CP4,32,87,"[0, 1, 2, 3, 4, 5, 6, 7, 8, 9, 10, 11, 12, 13, 14, 15, 16, 17, 19, 20, 25, 26, 27, 37, 41, 46, 49, 50, 54, 55, 56, 57, 58, 59, 60, 61, 62, 63, 64, 65, 66, 67, 68, 69, 70, 71, 72, 73, 74, 75, 76, 77, 78, 79, 80, 81, 82, 83, 84, 85, 86]",61,False,2.7745205511900994e-05,-7.418254261195684e-07,9.495676979340187e-06,30.0
P3,154,154,102,52,874,0.6623376623376623,0.10450819672131148,0.18053097345132746,cao2018,S09/060317n,all_channel,median,median__all_channel__P3,32,87,"[0, 1, 2, 3, 4, 5, 6, 7, 8, 9, 10, 11, 12, 13, 14, 15, 16, 17, 19, 20, 25, 26, 27, 37, 41, 46, 49, 50, 54, 55, 56, 57, 58, 59, 60, 61, 62, 63, 64, 65, 66, 67, 68, 69, 70, 71, 72, 73, 74, 75, 76, 77, 78, 79, 80, 81, 82, 83, 84, 85, 86]",61,False,2.461921696322275e-05,-5.7695497141159e-07,8.398723978211447e-06,30.0
CP3,149,149,96,53,880,0.6442953020134228,0.09836065573770492,0.17066666666666666,cao2018,S09/060317n,all_channel,median,median__all_channel__CP3,32,87,"[0, 1, 2, 3, 4, 5, 6, 7, 8, 9, 10, 11, 12, 13, 14, 15, 16, 17, 19, 20, 25, 26, 27, 37, 41, 46, 49, 50, 54, 55, 56, 57, 58, 59, 60, 61, 62, 63, 64, 65, 66, 67, 68, 69, 70, 71, 72, 73, 74, 75, 76, 77, 78, 79, 80, 81, 82, 83, 84, 85, 86]",61,False,2.4659191902459078e-05,-5.587391967011573e-07,8.405977033053412e-06,30.0
CPZ,147,147,84,63,892,0.5714285714285714,0.0860655737704918,0.14959928762243987,cao2018,S09/060317n,all_channel,median,median__all_channel__CPZ,32,87,"[0, 1, 2, 3, 4, 5, 6, 7, 8, 9, 10, 11, 12, 13, 14, 15, 16, 17, 19, 20, 25, 26, 27, 37, 41, 46, 49, 50, 54, 55, 56, 57, 58, 59, 60, 61, 62, 63, 64, 65, 66, 67, 68, 69, 70, 71, 72, 73, 74, 75, 76, 77, 78, 79, 80, 81, 82, 83, 84, 85, 86]",61,False,2.718651482755492e-05,-6.073996213820289e-07,9.26463814964565e-06,30.0
T5,152,152,82,70,894,0.5394736842105263,0.08401639344262295,0.1453900709219858,cao2018,S09/060317n,all_channel,median,median__all_channel__T5,32,87,"[0, 1, 2, 3, 4, 5, 6, 7, 8, 9, 10, 11, 12, 13, 14, 15, 16, 17, 19, 20, 25, 26, 27, 37, 41, 46, 49, 50, 54, 55, 56, 57, 58, 59, 60, 61, 62, 63, 64, 65, 66, 67, 68, 69, 70, 71, 72, 73, 74, 75, 76, 77, 78, 79, 80, 81, 82, 83, 84, 85, 86]",61,False,1.7728434962411182e-05,-2.5933743711349856e-07,5.9959241331748935e-06,30.0
P4,150,150,81,69,895,0.54,0.08299180327868852,0.1438721136767318,cao2018,S09/060317n,all_channel,median,median__all_channel__P4,32,87,"[0, 1, 2, 3, 4, 5, 6, 7, 8, 9, 10, 11, 12, 13, 14, 15, 16, 17, 19, 20, 25, 26, 27, 37, 41, 46, 49, 50, 54, 55, 56, 57, 58, 59, 60, 61, 62, 63, 64, 65, 66, 67, 68, 69, 70, 71, 72, 73, 74, 75, 76, 77, 78, 79, 80, 81, 82, 83, 84, 85, 86]",61,False,2.453444140132672e-05,-5.662486812184016e-07,8.366896694181707e-06,30.0
A1,199,199,76,123,900,0.38190954773869346,0.0778688524590164,0.12936170212765957,cao2018,S09/060317n,all_channel,median,median__all_channel__A1,32,87,"[0, 1, 2, 3, 4, 5, 6, 7, 8, 9, 10, 11, 12, 13, 14, 15, 16, 17, 19, 20, 25, 26, 27, 37, 41, 46, 49, 50, 54, 55, 56, 57, 58, 59, 60, 61, 62, 63, 64, 65, 66, 67, 68, 69, 70, 71, 72, 73, 74, 75, 76, 77, 78, 79, 80, 81, 82, 83, 84, 85, 86]",61,False,7.92873733615619e-06,-4.137150840958716e-08,2.656702948188592e-06,30.0
A2,181,181,71,110,905,0.39226519337016574,0.07274590163934426,0.12273120138288678,cao2018,S09/060317n,all_channel,median,median__all_channel__A2,32,87,"[0, 1, 2, 3, 4, 5, 6, 7, 8, 9, 10, 11, 12, 13, 14, 15, 16, 17, 19, 20, 25, 26, 27, 37, 41, 46, 49, 50, 54, 55, 56, 57, 58, 59, 60, 61, 62, 63, 64, 65, 66, 67, 68, 69, 70, 71, 72, 73, 74, 75, 76, 77, 78, 79, 80, 81, 82, 83, 84, 85, 86]",61,False,8.011480352975363e-06,4.137150840958716e-08,2.656702948188592e-06,30.0
PZ,105,105,52,53,924,0.49523809523809526,0.05327868852459016,0.09620721554116558,cao2018,S09/060317n,all_channel,median,median__all_channel__PZ,32,87,"[0, 1, 2, 3, 4, 5, 6, 7, 8, 9, 10, 11, 12, 13, 14, 15, 16, 17, 19, 20, 25, 26, 27, 37, 41, 46, 49, 50, 54, 55, 56, 57, 58, 59, 60, 61, 62, 63, 64, 65, 66, 67, 68, 69, 70, 71, 72, 73, 74, 75, 76, 77, 78, 79, 80, 81, 82, 83, 84, 85, 86]",61,False,2.4936117530152673e-05,-4.489125477192138e-07,8.461676692623962e-06,30.0
O2,75,75,35,40,941,0.4666666666666667,0.035860655737704916,0.06660323501427211,cao2018,S09/060317n,all_channel,median,median__all_channel__O2,32,87,"[0, 1, 2, 3, 4, 5, 6, 7, 8, 9, 10, 11, 12, 13, 14, 15, 16, 17, 19, 20, 25, 26, 27, 37, 41, 46, 49, 50, 54, 55, 56, 57, 58, 59, 60, 61, 62, 63, 64, 65, 66, 67, 68, 69, 70, 71, 72, 73, 74, 75, 76, 77, 78, 79, 80, 81, 82, 83, 84, 85, 86]",61,False,1.707703477458012e-05,-2.434251394749317e-07,5.773486638018351e-06,30.0
OZ,74,74,31,43,945,0.4189189189189189,0.031762295081967214,0.05904761904761905,cao2018,S09/060317n,all_channel,median,median__all_channel__OZ,32,87,"[0, 1, 2, 3, 4, 5, 6, 7, 8, 9, 10, 11, 12, 13, 14, 15, 16, 17, 19, 20, 25, 26, 27, 37, 41, 46, 49, 50, 54, 55, 56, 57, 58, 59, 60, 61, 62, 63, 64, 65, 66, 67, 68, 69, 70, 71, 72, 73, 74, 75, 76, 77, 78, 79, 80, 81, 82, 83, 84, 85, 86]",61,False,1.612553430355653e-05,-2.147270971195211e-07,5.44675380022535e-06,30.0
O1,71,71,30,41,946,0.4225352112676056,0.030737704918032786,0.05730659025787965,cao2018,S09/060317n,all_channel,median,median__all_channel__O1,32,87,"[0, 1, 2, 3, 4, 5, 6, 7, 8, 9, 10, 11, 12, 13, 14, 15, 16, 17, 19, 20, 25, 26, 27, 37, 41, 46, 49, 50, 54, 55, 56, 57, 58, 59, 60, 61, 62, 63, 64, 65, 66, 67, 68, 69, 70, 71, 72, 73, 74, 75, 76, 77, 78, 79, 80, 81, 82, 83, 84, 85, 86]",61,False,1.6098748178505204e-05,-2.068094079973941e-07,5.435185862167533e-06,30.0
FP1,1072,1072,965,107,11,0.9001865671641791,0.9887295081967213,0.9423828125,cao2018,S09/060317n,all_channel,mean,mean__all_channel__FP1,32,87,"[0, 1, 2, 3, 4, 5, 6, 7, 8, 9, 10, 11, 12, 13, 14, 15, 16, 17, 19, 20, 25, 26, 27, 37, 41, 46, 49, 50, 54, 55, 56, 57, 58, 59, 60, 61, 62, 63, 64, 65, 66, 67, 68, 69, 70, 71, 72, 73, 74, 75, 76, 77, 78, 79, 80, 81, 82, 83, 84, 85, 86]",61,False,6.338251908971172e-05,-5.891388025602517e-09,2.1129470159245778e-05,30.0
FP2,1077,1077,960,117,16,0.8913649025069638,0.9836065573770492,0.9352167559668776,cao2018,S09/060317n,all_channel,mean,mean__all_channel__FP2,32,87,"[0, 1, 2, 3, 4, 5, 6, 7, 8, 9, 10, 11, 12, 13, 14, 15, 16, 17, 19, 20, 25, 26, 27, 37, 41, 46, 49, 50, 54, 55, 56, 57, 58, 59, 60, 61, 62, 63, 64, 65, 66, 67, 68, 69, 70, 71, 72, 73, 74, 75, 76, 77, 78, 79, 80, 81, 82, 83, 84, 85, 86]",61,False,5.808067617549327e-05,-1.365225267349233e-10,1.9360270899340003e-05,30.0
FZ,762,762,694,68,282,0.910761154855643,0.7110655737704918,0.7986191024165707,cao2018,S09/060317n,all_channel,mean,mean__all_channel__FZ,32,87,"[0, 1, 2, 3, 4, 5, 6, 7, 8, 9, 10, 11, 12, 13, 14, 15, 16, 17, 19, 20, 25, 26, 27, 37, 41, 46, 49, 50, 54, 55, 56, 57, 58, 59, 60, 61, 62, 63, 64, 65, 66, 67, 68, 69, 70, 71, 72, 73, 74, 75, 76, 77, 78, 79, 80, 81, 82, 83, 84, 85, 86]",61,False,3.7442016325186955e-05,-6.2519220394736795e-09,1.248275608240881e-05,30.0
F3,737,737,658,79,318,0.89280868385346,0.6741803278688525,0.7682428488032692,cao2018,S09/060317n,all_channel,mean,mean__all_channel__F3,32,87,"[0, 1, 2, 3, 4, 5, 6, 7, 8, 9, 10, 11, 12, 13, 14, 15, 16, 17, 19, 20, 25, 26, 27, 37, 41, 46, 49, 50, 54, 55, 56, 57, 58, 59, 60, 61, 62, 63, 64, 65, 66, 67, 68, 69, 70, 71, 72, 73, 74, 75, 76, 77, 78, 79, 80, 81, 82, 83, 84, 85, 86]",61,False,3.603362036124881e-05,-1.6763984981482668e-08,1.2016794782076764e-05,30.0
F8,769,769,642,127,334,0.834850455136541,0.6577868852459017,0.7358166189111749,cao2018,S09/060317n,all_channel,mean,mean__all_channel__F8,32,87,"[0, 1, 2, 3, 4, 5, 6, 7, 8, 9, 10, 11, 12, 13, 14, 15, 16, 17, 19, 20, 25, 26, 27, 37, 41, 46, 49, 50, 54, 55, 56, 57, 58, 59, 60, 61, 62, 63, 64, 65, 66, 67, 68, 69, 70, 71, 72, 73, 74, 75, 76, 77, 78, 79, 80, 81, 82, 83, 84, 85, 86]",61,False,4.206671898198358e-05,1.1018593066439228e-08,1.4018566796305715e-05,30.0
F4,686,686,596,90,380,0.8688046647230321,0.610655737704918,0.7172081829121539,cao2018,S09/060317n,all_channel,mean,mean__all_channel__F4,32,87,"[0, 1, 2, 3, 4, 5, 6, 7, 8, 9, 10, 11, 12, 13, 14, 15, 16, 17, 19, 20, 25, 26, 27, 37, 41, 46, 49, 50, 54, 55, 56, 57, 58, 59, 60, 61, 62, 63, 64, 65, 66, 67, 68, 69, 70, 71, 72, 73, 74, 75, 76, 77, 78, 79, 80, 81, 82, 83, 84, 85, 86]",61,False,3.817012958514941e-05,-3.1456391450011954e-09,1.2724425074764804e-05,30.0
F7,656,656,564,92,412,0.8597560975609756,0.5778688524590164,0.6911764705882353,cao2018,S09/060317n,all_channel,mean,mean__all_channel__F7,32,87,"[0, 1, 2, 3, 4, 5, 6, 7, 8, 9, 10, 11, 12, 13, 14, 15, 16, 17, 19, 20, 25, 26, 27, 37, 41, 46, 49, 50, 54, 55, 56, 57, 58, 59, 60, 61, 62, 63, 64, 65, 66, 67, 68, 69, 70, 71, 72, 73, 74, 75, 76, 77, 78, 79, 80, 81, 82, 83, 84, 85, 86]",61,False,2.7243127648883424e-05,8.00538967993013e-09,9.078374086401164e-06,30.0
FT7,649,649,554,95,422,0.8536209553158706,0.5676229508196722,0.681846153846154,cao2018,S09/060317n,all_channel,mean,mean__all_channel__FT7,32,87,"[0, 1, 2, 3, 4, 5, 6, 7, 8, 9, 10, 11, 12, 13, 14, 15, 16, 17, 19, 20, 25, 26, 27, 37, 41, 46, 49, 50, 54, 55, 56, 57, 58, 59, 60, 61, 62, 63, 64, 65, 66, 67, 68, 69, 70, 71, 72, 73, 74, 75, 76, 77, 78, 79, 80, 81, 82, 83, 84, 85, 86]",61,False,2.7149779123327704e-05,8.65168425927137e-09,9.047042479689478e-06,30.0
T3,626,626,525,101,451,0.8386581469648562,0.5379098360655737,0.6554307116104868,cao2018,S09/060317n,all_channel,mean,mean__all_channel__T3,32,87,"[0, 1, 2, 3, 4, 5, 6, 7, 8, 9, 10, 11, 12, 13, 14, 15, 16, 17, 19, 20, 25, 26, 27, 37, 41, 46, 49, 50, 54, 55, 56, 57, 58, 59, 60, 61, 62, 63, 64, 65, 66, 67, 68, 69, 70, 71, 72, 73, 74, 75, 76, 77, 78, 79, 80, 81, 82, 83, 84, 85, 86]",61,False,2.6427106037449742e-05,7.3034812377374516e-09,8.806600852070669e-06,30.0
FC3,441,441,362,79,614,0.8208616780045351,0.3709016393442623,0.510938602681722,cao2018,S09/060317n,all_channel,mean,mean__all_channel__FC3,32,87,"[0, 1, 2, 3, 4, 5, 6, 7, 8, 9, 10, 11, 12, 13, 14, 15, 16, 17, 19, 20, 25, 26, 27, 37, 41, 46, 49, 50, 54, 55, 56, 57, 58, 59, 60, 61, 62, 63, 64, 65, 66, 67, 68, 69, 70, 71, 72, 73, 74, 75, 76, 77, 78, 79, 80, 81, 82, 83, 84, 85, 86]",61,False,3.2155646453850235e-05,-1.3047152632461634e-08,1.0722897868827564e-05,30.0
FT8,456,456,345,111,631,0.756578947368421,0.35348360655737704,0.4818435754189944,cao2018,S09/060317n,all_channel,mean,mean__all_channel__FT8,32,87,"[0, 1, 2, 3, 4, 5, 6, 7, 8, 9, 10, 11, 12, 13, 14, 15, 16, 17, 19, 20, 25, 26, 27, 37, 41, 46, 49, 50, 54, 55, 56, 57, 58, 59, 60, 61, 62, 63, 64, 65, 66, 67, 68, 69, 70, 71, 72, 73, 74, 75, 76, 77, 78, 79, 80, 81, 82, 83, 84, 85, 86]",61,False,2.8901430519226605e-05,1.3665530426814528e-08,9.629254996266597e-06,30.0
FCZ,347,347,283,64,693,0.8155619596541787,0.2899590163934426,0.42781557067271353,cao2018,S09/060317n,all_channel,mean,mean__all_channel__FCZ,32,87,"[0, 1, 2, 3, 4, 5, 6, 7, 8, 9, 10, 11, 12, 13, 14, 15, 16, 17, 19, 20, 25, 26, 27, 37, 41, 46, 49, 50, 54, 55, 56, 57, 58, 59, 60, 61, 62, 63, 64, 65, 66, 67, 68, 69, 70, 71, 72, 73, 74, 75, 76, 77, 78, 79, 80, 81, 82, 83, 84, 85, 86]",61,False,3.361886868572507e-05,-5.2164782067114494e-09,1.1208028387977258e-05,30.0
T4,398,398,289,109,687,0.7261306532663316,0.29610655737704916,0.420669577874818,cao2018,S09/060317n,all_channel,mean,mean__all_channel__T4,32,87,"[0, 1, 2, 3, 4, 5, 6, 7, 8, 9, 10, 11, 12, 13, 14, 15, 16, 17, 19, 20, 25, 26, 27, 37, 41, 46, 49, 50, 54, 55, 56, 57, 58, 59, 60, 61, 62, 63, 64, 65, 66, 67, 68, 69, 70, 71, 72, 73, 74, 75, 76, 77, 78, 79, 80, 81, 82, 83, 84, 85, 86]",61,False,2.8040130880059065e-05,1.2826687373176597e-08,9.342434730895296e-06,30.0
FC4,375,375,270,105,706,0.72,0.2766393442622951,0.3997039230199852,cao2018,S09/060317n,all_channel,mean,mean__all_channel__FC4,32,87,"[0, 1, 2, 3, 4, 5, 6, 7, 8, 9, 10, 11, 12, 13, 14, 15, 16, 17, 19, 20, 25, 26, 27, 37, 41, 46, 49, 50, 54, 55, 56, 57, 58, 59, 60, 61, 62, 63, 64, 65, 66, 67, 68, 69, 70, 71, 72, 73, 74, 75, 76, 77, 78, 79, 80, 81, 82, 83, 84, 85, 86]",61,False,3.494559260573218e-05,-2.3536150178557797e-09,1.1649315406916676e-05,30.0
C3,272,272,200,72,776,0.7352941176470589,0.20491803278688525,0.32051282051282054,cao2018,S09/060317n,all_channel,mean,mean__all_channel__C3,32,87,"[0, 1, 2, 3, 4, 5, 6, 7, 8, 9, 10, 11, 12, 13, 14, 15, 16, 17, 19, 20, 25, 26, 27, 37, 41, 46, 49, 50, 54, 55, 56, 57, 58, 59, 60, 61, 62, 63, 64, 65, 66, 67, 68, 69, 70, 71, 72, 73, 74, 75, 76, 77, 78, 79, 80, 81, 82, 83, 84, 85, 86]",61,False,2.855567040834111e-05,-9.592787483986469e-09,9.521754398608365e-06,30.0
C4,265,265,151,114,825,0.569811320754717,0.15471311475409835,0.24335213537469783,cao2018,S09/060317n,all_channel,mean,mean__all_channel__C4,32,87,"[0, 1, 2, 3, 4, 5, 6, 7, 8, 9, 10, 11, 12, 13, 14, 15, 16, 17, 19, 20, 25, 26, 27, 37, 41, 46, 49, 50, 54, 55, 56, 57, 58, 59, 60, 61, 62, 63, 64, 65, 66, 67, 68, 69, 70, 71, 72, 73, 74, 75, 76, 77, 78, 79, 80, 81, 82, 83, 84, 85, 86]",61,False,3.2286042031936385e-05,-5.566598188654999e-09,1.0763869543375013e-05,30.0
CZ,197,197,131,66,845,0.6649746192893401,0.13422131147540983,0.22335890878090367,cao2018,S09/060317n,all_channel,mean,mean__all_channel__CZ,32,87,"[0, 1, 2, 3, 4, 5, 6, 7, 8, 9, 10, 11, 12, 13, 14, 15, 16, 17, 19, 20, 25, 26, 27, 37, 41, 46, 49, 50, 54, 55, 56, 57, 58, 59, 60, 61, 62, 63, 64, 65, 66, 67, 68, 69, 70, 71, 72, 73, 74, 75, 76, 77, 78, 79, 80, 81, 82, 83, 84, 85, 86]",61,False,3.0855307803237205e-05,-4.089432516345174e-09,1.0286465745251184e-05,30.0
TP7,203,203,125,78,851,0.6157635467980296,0.12807377049180327,0.21204410517387615,cao2018,S09/060317n,all_channel,mean,mean__all_channel__TP7,32,87,"[0, 1, 2, 3, 4, 5, 6, 7, 8, 9, 10, 11, 12, 13, 14, 15, 16, 17, 19, 20, 25, 26, 27, 37, 41, 46, 49, 50, 54, 55, 56, 57, 58, 59, 60, 61, 62, 63, 64, 65, 66, 67, 68, 69, 70, 71, 72, 73, 74, 75, 76, 77, 78, 79, 80, 81, 82, 83, 84, 85, 86]",61,False,1.8469579475477275e-05,-7.08093098751346e-09,6.158886802154929e-06,30.0
T6,262,262,126,136,850,0.48091603053435117,0.1290983606557377,0.20355411954765754,cao2018,S09/060317n,all_channel,mean,mean__all_channel__T6,32,87,"[0, 1, 2, 3, 4, 5, 6, 7, 8, 9, 10, 11, 12, 13, 14, 15, 16, 17, 19, 20, 25, 26, 27, 37, 41, 46, 49, 50, 54, 55, 56, 57, 58, 59, 60, 61, 62, 63, 64, 65, 66, 67, 68, 69, 70, 71, 72, 73, 74, 75, 76, 77, 78, 79, 80, 81, 82, 83, 84, 85, 86]",61,False,2.0003956011542775e-05,4.992403726305708e-09,6.666321202605489e-06,30.0
TP8,265,265,123,142,853,0.4641509433962264,0.1260245901639344,0.1982272360999194,cao2018,S09/060317n,all_channel,mean,mean__all_channel__TP8,32,87,"[0, 1, 2, 3, 4, 5, 6, 7, 8, 9, 10, 11, 12, 13, 14, 15, 16, 17, 19, 20, 25, 26, 27, 37, 41, 46, 49, 50, 54, 55, 56, 57, 58, 59, 60, 61, 62, 63, 64, 65, 66, 67, 68, 69, 70, 71, 72, 73, 74, 75, 76, 77, 78, 79, 80, 81, 82, 83, 84, 85, 86]",61,False,1.999820805183779e-05,6.375919381303258e-09,6.663944044152162e-06,30.0
CP4,196,196,100,96,876,0.5102040816326531,0.10245901639344263,0.17064846416382254,cao2018,S09/060317n,all_channel,mean,mean__all_channel__CP4,32,87,"[0, 1, 2, 3, 4, 5, 6, 7, 8, 9, 10, 11, 12, 13, 14, 15, 16, 17, 19, 20, 25, 26, 27, 37, 41, 46, 49, 50, 54, 55, 56, 57, 58, 59, 60, 61, 62, 63, 64, 65, 66, 67, 68, 69, 70, 71, 72, 73, 74, 75, 76, 77, 78, 79, 80, 81, 82, 83, 84, 85, 86]",61,False,2.8481197912271014e-05,-5.833025749548279e-09,9.495676979340187e-06,30.0
P3,137,137,87,50,889,0.635036496350365,0.08913934426229508,0.15633423180592992,cao2018,S09/060317n,all_channel,mean,mean__all_channel__P3,32,87,"[0, 1, 2, 3, 4, 5, 6, 7, 8, 9, 10, 11, 12, 13, 14, 15, 16, 17, 19, 20, 25, 26, 27, 37, 41, 46, 49, 50, 54, 55, 56, 57, 58, 59, 60, 61, 62, 63, 64, 65, 66, 67, 68, 69, 70, 71, 72, 73, 74, 75, 76, 77, 78, 79, 80, 81, 82, 83, 84, 85, 86]",61,False,2.5184484648717962e-05,-1.1687285916378695e-08,8.398723978211447e-06,30.0
CP3,135,135,85,50,891,0.6296296296296297,0.08709016393442623,0.153015301530153,cao2018,S09/060317n,all_channel,mean,mean__all_channel__CP3,32,87,"[0, 1, 2, 3, 4, 5, 6, 7, 8, 9, 10, 11, 12, 13, 14, 15, 16, 17, 19, 20, 25, 26, 27, 37, 41, 46, 49, 50, 54, 55, 56, 57, 58, 59, 60, 61, 62, 63, 64, 65, 66, 67, 68, 69, 70, 71, 72, 73, 74, 75, 76, 77, 78, 79, 80, 81, 82, 83, 84, 85, 86]",61,False,2.5206115211796923e-05,-1.1815887363312242e-08,8.405977033053412e-06,30.0
T5,145,145,79,66,897,0.5448275862068965,0.08094262295081968,0.14094558429973242,cao2018,S09/060317n,all_channel,mean,mean__all_channel__T5,32,87,"[0, 1, 2, 3, 4, 5, 6, 7, 8, 9, 10, 11, 12, 13, 14, 15, 16, 17, 19, 20, 25, 26, 27, 37, 41, 46, 49, 50, 54, 55, 56, 57, 58, 59, 60, 61, 62, 63, 64, 65, 66, 67, 68, 69, 70, 71, 72, 73, 74, 75, 76, 77, 78, 79, 80, 81, 82, 83, 84, 85, 86]",61,False,1.7973133436144975e-05,-1.4638963379704342e-08,5.9959241331748935e-06,30.0
P4,139,139,76,63,900,0.5467625899280576,0.0778688524590164,0.13632286995515697,cao2018,S09/060317n,all_channel,mean,mean__all_channel__P4,32,87,"[0, 1, 2, 3, 4, 5, 6, 7, 8, 9, 10, 11, 12, 13, 14, 15, 16, 17, 19, 20, 25, 26, 27, 37, 41, 46, 49, 50, 54, 55, 56, 57, 58, 59, 60, 61, 62, 63, 64, 65, 66, 67, 68, 69, 70, 71, 72, 73, 74, 75, 76, 77, 78, 79, 80, 81, 82, 83, 84, 85, 86]",61,False,2.50912375111694e-05,-9.45257137571913e-09,8.366896694181707e-06,30.0
CPZ,136,136,75,61,901,0.5514705882352942,0.07684426229508197,0.13489208633093525,cao2018,S09/060317n,all_channel,mean,mean__all_channel__CPZ,32,87,"[0, 1, 2, 3, 4, 5, 6, 7, 8, 9, 10, 11, 12, 13, 14, 15, 16, 17, 19, 20, 25, 26, 27, 37, 41, 46, 49, 50, 54, 55, 56, 57, 58, 59, 60, 61, 62, 63, 64, 65, 66, 67, 68, 69, 70, 71, 72, 73, 74, 75, 76, 77, 78, 79, 80, 81, 82, 83, 84, 85, 86]",61,False,2.7788314522388435e-05,-5.5999265485130984e-09,9.26463814964565e-06,30.0
A1,199,199,74,125,902,0.37185929648241206,0.07581967213114754,0.12595744680851065,cao2018,S09/060317n,all_channel,mean,mean__all_channel__A1,32,87,"[0, 1, 2, 3, 4, 5, 6, 7, 8, 9, 10, 11, 12, 13, 14, 15, 16, 17, 19, 20, 25, 26, 27, 37, 41, 46, 49, 50, 54, 55, 56, 57, 58, 59, 60, 61, 62, 63, 64, 65, 66, 67, 68, 69, 70, 71, 72, 73, 74, 75, 76, 77, 78, 79, 80, 81, 82, 83, 84, 85, 86]",61,False,7.966714121200279e-06,-3.3947233654983404e-09,2.656702948188592e-06,30.0
A2,185,185,72,113,904,0.3891891891891892,0.07377049180327869,0.124031007751938,cao2018,S09/060317n,all_channel,mean,mean__all_channel__A2,32,87,"[0, 1, 2, 3, 4, 5, 6, 7, 8, 9, 10, 11, 12, 13, 14, 15, 16, 17, 19, 20, 25, 26, 27, 37, 41, 46, 49, 50, 54, 55, 56, 57, 58, 59, 60, 61, 62, 63, 64, 65, 66, 67, 68, 69, 70, 71, 72, 73, 74, 75, 76, 77, 78, 79, 80, 81, 82, 83, 84, 85, 86]",61,False,7.973503567931274e-06,3.3947233654983404e-09,2.656702948188592e-06,30.0
PZ,98,98,49,49,927,0.5,0.050204918032786885,0.09124767225325883,cao2018,S09/060317n,all_channel,mean,mean__all_channel__PZ,32,87,"[0, 1, 2, 3, 4, 5, 6, 7, 8, 9, 10, 11, 12, 13, 14, 15, 16, 17, 19, 20, 25, 26, 27, 37, 41, 46, 49, 50, 54, 55, 56, 57, 58, 59, 60, 61, 62, 63, 64, 65, 66, 67, 68, 69, 70, 71, 72, 73, 74, 75, 76, 77, 78, 79, 80, 81, 82, 83, 84, 85, 86]",61,False,2.537697933516306e-05,-8.050742708825668e-09,8.461676692623962e-06,30.0
O2,72,72,33,39,943,0.4583333333333333,0.03381147540983607,0.06297709923664122,cao2018,S09/060317n,all_channel,mean,mean__all_channel__O2,32,87,"[0, 1, 2, 3, 4, 5, 6, 7, 8, 9, 10, 11, 12, 13, 14, 15, 16, 17, 19, 20, 25, 26, 27, 37, 41, 46, 49, 50, 54, 55, 56, 57, 58, 59, 60, 61, 62, 63, 64, 65, 66, 67, 68, 69, 70, 71, 72, 73, 74, 75, 76, 77, 78, 79, 80, 81, 82, 83, 84, 85, 86]",61,False,1.7316440462954956e-05,-4.019451100094138e-09,5.773486638018351e-06,30.0
OZ,71,71,31,40,945,0.43661971830985913,0.031762295081967214,0.05921680993314231,cao2018,S09/060317n,all_channel,mean,mean__all_channel__OZ,32,87,"[0, 1, 2, 3, 4, 5, 6, 7, 8, 9, 10, 11, 12, 13, 14, 15, 16, 17, 19, 20, 25, 26, 27, 37, 41, 46, 49, 50, 54, 55, 56, 57, 58, 59, 60, 61, 62, 63, 64, 65, 66, 67, 68, 69, 70, 71, 72, 73, 74, 75, 76, 77, 78, 79, 80, 81, 82, 83, 84, 85, 86]",61,False,1.633204431864979e-05,-8.217082026259995e-09,5.44675380022535e-06,30.0
O1,69,69,29,40,947,0.42028985507246375,0.02971311475409836,0.0555023923444976,cao2018,S09/060317n,all_channel,mean,mean__all_channel__O1,32,87,"[0, 1, 2, 3, 4, 5, 6, 7, 8, 9, 10, 11, 12, 13, 14, 15, 16, 17, 19, 20, 25, 26, 27, 37, 41, 46, 49, 50, 54, 55, 56, 57, 58, 59, 60, 61, 62, 63, 64, 65, 66, 67, 68, 69, 70, 71, 72, 73, 74, 75, 76, 77, 78, 79, 80, 81, 82, 83, 84, 85, 86]",61,False,1.6297219672493385e-05,-8.337914009213441e-09,5.435185862167533e-06,30.0
FP1,1085,1085,966,119,10,0.8903225806451613,0.9897540983606558,0.9374090247452692,cao2018,S09/060317n,frontal,median,median__frontal__FP1,4,87,"[0, 1, 2, 3, 4, 5, 6, 7, 8, 9, 10, 11, 12, 13, 14, 15, 16, 17, 26, 27, 41, 49, 50, 54, 55, 56, 57, 58, 59, 60, 61, 62, 63, 64, 65, 66, 67, 68, 69, 70, 71, 72, 73, 74, 75, 76, 77, 78, 79, 80, 81, 82, 83, 84, 85, 86]",56,False,5.979149461235098e-05,-7.219567818538719e-06,2.2337020810296564e-05,30.0
FP2,1092,1092,965,127,11,0.8836996336996337,0.9887295081967213,0.9332688588007737,cao2018,S09/060317n,frontal,median,median__frontal__FP2,4,87,"[0, 1, 2, 3, 4, 5, 6, 7, 8, 9, 10, 11, 12, 13, 14, 15, 16, 17, 26, 27, 41, 49, 50, 54, 55, 56, 57, 58, 59, 60, 61, 62, 63, 64, 65, 66, 67, 68, 69, 70, 71, 72, 73, 74, 75, 76, 77, 78, 79, 80, 81, 82, 83, 84, 85, 86]",56,False,5.4776707332103796e-05,-6.503892993104958e-06,2.0426866775069587e-05,30.0
F3,776,776,689,87,287,0.8878865979381443,0.7059426229508197,0.7865296803652967,cao2018,S09/060317n,frontal,median,median__frontal__F3,4,87,"[0, 1, 2, 3, 4, 5, 6, 7, 8, 9, 10, 11, 12, 13, 14, 15, 16, 17, 26, 27, 41, 49, 50, 54, 55, 56, 57, 58, 59, 60, 61, 62, 63, 64, 65, 66, 67, 68, 69, 70, 71, 72, 73, 74, 75, 76, 77, 78, 79, 80, 81, 82, 83, 84, 85, 86]",56,False,3.490195193459116e-05,-2.029314807930244e-06,1.2310422247507135e-05,30.0
F4,718,718,624,94,352,0.8690807799442897,0.639344262295082,0.7367178276269185,cao2018,S09/060317n,frontal,median,median__frontal__F4,4,87,"[0, 1, 2, 3, 4, 5, 6, 7, 8, 9, 10, 11, 12, 13, 14, 15, 16, 17, 26, 27, 41, 49, 50, 54, 55, 56, 57, 58, 59, 60, 61, 62, 63, 64, 65, 66, 67, 68, 69, 70, 71, 72, 73, 74, 75, 76, 77, 78, 79, 80, 81, 82, 83, 84, 85, 86]",56,False,3.70410906555114e-05,-2.198336119231612e-06,1.3079808924914335e-05,30.0
FP1,1068,1068,962,106,14,0.900749063670412,0.985655737704918,0.9412915851272016,cao2018,S09/060317n,frontal,mean,mean__frontal__FP1,4,87,"[0, 1, 2, 3, 4, 5, 6, 7, 8, 9, 10, 11, 12, 13, 14, 15, 16, 17, 26, 27, 41, 49, 50, 54, 55, 56, 57, 58, 59, 60, 61, 62, 63, 64, 65, 66, 67, 68, 69, 70, 71, 72, 73, 74, 75, 76, 77, 78, 79, 80, 81, 82, 83, 84, 85, 86]",56,False,6.700404157269822e-05,-7.020858191476144e-09,2.2337020810296564e-05,30.0
FP2,1067,1067,960,107,16,0.8997188378631678,0.9836065573770492,0.9397944199706314,cao2018,S09/060317n,frontal,mean,mean__frontal__FP2,4,87,"[0, 1, 2, 3, 4, 5, 6, 7, 8, 9, 10, 11, 12, 13, 14, 15, 16, 17, 26, 27, 41, 49, 50, 54, 55, 56, 57, 58, 59, 60, 61, 62, 63, 64, 65, 66, 67, 68, 69, 70, 71, 72, 73, 74, 75, 76, 77, 78, 79, 80, 81, 82, 83, 84, 85, 86]",56,False,6.127929180331229e-05,-1.308521896464945e-09,2.0426866775069587e-05,30.0
F3,708,708,634,74,342,0.8954802259887006,0.6495901639344263,0.7529691211401426,cao2018,S09/060317n,frontal,mean,mean__frontal__F3,4,87,"[0, 1, 2, 3, 4, 5, 6, 7, 8, 9, 10, 11, 12, 13, 14, 15, 16, 17, 26, 27, 41, 49, 50, 54, 55, 56, 57, 58, 59, 60, 61, 62, 63, 64, 65, 66, 67, 68, 69, 70, 71, 72, 73, 74, 75, 76, 77, 78, 79, 80, 81, 82, 83, 84, 85, 86]",56,False,3.691159496400364e-05,-1.9671778517761377e-08,1.2310422247507135e-05,30.0
F4,645,645,558,87,418,0.8651162790697674,0.5717213114754098,0.6884639111659469,cao2018,S09/060317n,frontal,mean,mean__frontal__F4,4,87,"[0, 1, 2, 3, 4, 5, 6, 7, 8, 9, 10, 11, 12, 13, 14, 15, 16, 17, 26, 27, 41, 49, 50, 54, 55, 56, 57, 58, 59, 60, 61, 62, 63, 64, 65, 66, 67, 68, 69, 70, 71, 72, 73, 74, 75, 76, 77, 78, 79, 80, 81, 82, 83, 84, 85, 86]",56,False,3.9233579563798986e-05,-5.847210944020217e-09,1.3079808924914335e-05,30.0
FP1,1083,1083,965,118,11,0.8910433979686058,0.9887295081967213,0.9373482272948033,cao2018,S09/060317n,frontal_left,median,median__frontal_left__FP1,2,87,"[0, 1, 2, 3, 4, 5, 6, 7, 8, 9, 10, 11, 12, 13, 14, 15, 17, 26, 27, 41, 49, 50, 54, 55, 56, 57, 58, 59, 60, 61, 62, 63, 64, 65, 66, 67, 68, 69, 70, 71, 72, 73, 74, 75, 76, 77, 78, 79, 80, 81, 82, 83, 84, 85, 86]",55,False,6.0254849595543246e-05,-7.438249422440225e-06,2.2564366339327827e-05,30.0
F3,773,773,687,86,289,0.888745148771022,0.7038934426229508,0.7855917667238421,cao2018,S09/060317n,frontal_left,median,median__frontal_left__F3,2,87,"[0, 1, 2, 3, 4, 5, 6, 7, 8, 9, 10, 11, 12, 13, 14, 15, 17, 26, 27, 41, 49, 50, 54, 55, 56, 57, 58, 59, 60, 61, 62, 63, 64, 65, 66, 67, 68, 69, 70, 71, 72, 73, 74, 75, 76, 77, 78, 79, 80, 81, 82, 83, 84, 85, 86]",55,False,3.504105892700183e-05,-2.0708164083523343e-06,1.2370625111784718e-05,30.0
FP1,1064,1064,962,102,14,0.9041353383458647,0.985655737704918,0.9431372549019608,cao2018,S09/060317n,frontal_left,mean,mean__frontal_left__FP1,2,87,"[0, 1, 2, 3, 4, 5, 6, 7, 8, 9, 10, 11, 12, 13, 14, 15, 17, 26, 27, 41, 49, 50, 54, 55, 56, 57, 58, 59, 60, 61, 62, 63, 64, 65, 66, 67, 68, 69, 70, 71, 72, 73, 74, 75, 76, 77, 78, 79, 80, 81, 82, 83, 84, 85, 86]",55,False,6.768799417189627e-05,-5.104846087206435e-09,2.2564366339327827e-05,30.0
F3,703,703,631,72,345,0.8975817923186344,0.6465163934426229,0.7516378796902917,cao2018,S09/060317n,frontal_left,mean,mean__frontal_left__F3,2,87,"[0, 1, 2, 3, 4, 5, 6, 7, 8, 9, 10, 11, 12, 13, 14, 15, 17, 26, 27, 41, 49, 50, 54, 55, 56, 57, 58, 59, 60, 61, 62, 63, 64, 65, 66, 67, 68, 69, 70, 71, 72, 73, 74, 75, 76, 77, 78, 79, 80, 81, 82, 83, 84, 85, 86]",55,False,3.7092853722465636e-05,-1.9021612888524984e-08,1.2370625111784718e-05,30.0
FP2,1090,1090,965,125,11,0.8853211009174312,0.9887295081967213,0.9341723136495644,cao2018,S09/060317n,frontal_right,median,median__frontal_right__FP2,2,87,"[0, 1, 2, 3, 4, 5, 6, 7, 8, 9, 10, 11, 12, 13, 15, 16, 17, 26, 27, 41, 49, 50, 54, 55, 56, 57, 58, 59, 60, 61, 62, 63, 64, 65, 66, 67, 68, 69, 70, 71, 72, 73, 74, 75, 76, 77, 78, 79, 80, 81, 82, 83, 84, 85, 86]",55,False,5.514932620102273e-05,-6.679151104631674e-06,2.0609492435218137e-05,30.0
F4,715,715,622,93,354,0.8699300699300699,0.6372950819672131,0.735659373151981,cao2018,S09/060317n,frontal_right,median,median__frontal_right__F4,2,87,"[0, 1, 2, 3, 4, 5, 6, 7, 8, 9, 10, 11, 12, 13, 15, 16, 17, 26, 27, 41, 49, 50, 54, 55, 56, 57, 58, 59, 60, 61, 62, 63, 64, 65, 66, 67, 68, 69, 70, 71, 72, 73, 74, 75, 76, 77, 78, 79, 80, 81, 82, 83, 84, 85, 86]",55,False,3.725716530526239e-05,-2.2439058673682052e-06,1.3167023724210198e-05,30.0
FP2,1063,1063,959,104,17,0.9021636876763875,0.9825819672131147,0.9406571848945562,cao2018,S09/060317n,frontal_right,mean,mean__frontal_right__FP2,2,87,"[0, 1, 2, 3, 4, 5, 6, 7, 8, 9, 10, 11, 12, 13, 15, 16, 17, 26, 27, 41, 49, 50, 54, 55, 56, 57, 58, 59, 60, 61, 62, 63, 64, 65, 66, 67, 68, 69, 70, 71, 72, 73, 74, 75, 76, 77, 78, 79, 80, 81, 82, 83, 84, 85, 86]",55,False,6.182706575463025e-05,-1.4115510241679182e-09,2.0609492435218137e-05,30.0
F4,636,636,551,85,425,0.8663522012578616,0.5645491803278688,0.683622828784119,cao2018,S09/060317n,frontal_right,mean,mean__frontal_right__F4,2,87,"[0, 1, 2, 3, 4, 5, 6, 7, 8, 9, 10, 11, 12, 13, 15, 16, 17, 26, 27, 41, 49, 50, 54, 55, 56, 57, 58, 59, 60, 61, 62, 63, 64, 65, 66, 67, 68, 69, 70, 71, 72, 73, 74, 75, 76, 77, 78, 79, 80, 81, 82, 83, 84, 85, 86]",55,False,3.9494602887019094e-05,-6.468285611500212e-09,1.3167023724210198e-05,30.0
FP1,1101,1101,961,140,6,0.8728428701180745,0.9937952430196484,0.9294003868471954,cao2018,S09/060317n,all_channel,median,median__all_channel__FP1,32,65,"[0, 1, 2, 3, 4, 5, 6, 7, 8, 9, 10, 11, 12, 13, 14, 16, 18, 19, 20, 21, 22, 28, 29, 30, 35, 36, 37, 40, 41, 42, 43, 44, 45, 46, 47, 48, 49, 50, 51, 52, 53, 54, 55, 56, 57, 58, 59, 60, 61, 62, 63, 64]",52,False,5.3301058283516316e-05,-4.91869139999895e-06,1.940658322783842e-05,40.0
FP2,1119,1119,962,157,5,0.8596961572832886,0.9948293691830403,0.9223394055608821,cao2018,S09/060317n,all_channel,median,median__all_channel__FP2,32,65,"[0, 1, 2, 3, 4, 5, 6, 7, 8, 9, 10, 11, 12, 13, 14, 16, 18, 19, 20, 21, 22, 28, 29, 30, 35, 36, 37, 40, 41, 42, 43, 44, 45, 46, 47, 48, 49, 50, 51, 52, 53, 54, 55, 56, 57, 58, 59, 60, 61, 62, 63, 64]",52,False,4.910075358451833e-05,-4.469162916418856e-06,1.785663883364573e-05,40.0
FZ,843,843,756,87,211,0.896797153024911,0.781799379524302,0.8353591160220996,cao2018,S09/060317n,all_channel,median,median__all_channel__FZ,32,65,"[0, 1, 2, 3, 4, 5, 6, 7, 8, 9, 10, 11, 12, 13, 14, 16, 18, 19, 20, 21, 22, 28, 29, 30, 35, 36, 37, 40, 41, 42, 43, 44, 45, 46, 47, 48, 49, 50, 51, 52, 53, 54, 55, 56, 57, 58, 59, 60, 61, 62, 63, 64]",52,False,3.4361706883089076e-05,-1.760704171910486e-06,1.2040803684999856e-05,40.0
F3,824,824,718,106,249,0.8713592233009708,0.7425025853154085,0.8017867113344501,cao2018,S09/060317n,all_channel,median,median__all_channel__F3,32,65,"[0, 1, 2, 3, 4, 5, 6, 7, 8, 9, 10, 11, 12, 13, 14, 16, 18, 19, 20, 21, 22, 28, 29, 30, 35, 36, 37, 40, 41, 42, 43, 44, 45, 46, 47, 48, 49, 50, 51, 52, 53, 54, 55, 56, 57, 58, 59, 60, 61, 62, 63, 64]",52,False,3.3050985291746273e-05,-1.515392847815746e-06,1.1522126046520675e-05,40.0
F8,881,881,720,161,247,0.8172531214528944,0.7445708376421923,0.7792207792207791,cao2018,S09/060317n,all_channel,median,median__all_channel__F8,32,65,"[0, 1, 2, 3, 4, 5, 6, 7, 8, 9, 10, 11, 12, 13, 14, 16, 18, 19, 20, 21, 22, 28, 29, 30, 35, 36, 37, 40, 41, 42, 43, 44, 45, 46, 47, 48, 49, 50, 51, 52, 53, 54, 55, 56, 57, 58, 59, 60, 61, 62, 63, 64]",52,False,3.8211378764682545e-05,-1.7269664479194107e-06,1.3312781737533985e-05,40.0
F4,784,784,676,108,291,0.8622448979591837,0.6990692864529473,0.7721302113078242,cao2018,S09/060317n,all_channel,median,median__all_channel__F4,32,65,"[0, 1, 2, 3, 4, 5, 6, 7, 8, 9, 10, 11, 12, 13, 14, 16, 18, 19, 20, 21, 22, 28, 29, 30, 35, 36, 37, 40, 41, 42, 43, 44, 45, 46, 47, 48, 49, 50, 51, 52, 53, 54, 55, 56, 57, 58, 59, 60, 61, 62, 63, 64]",52,False,3.483653477033041e-05,-1.6236382172492607e-06,1.2153390995859891e-05,40.0
F7,743,743,623,120,344,0.8384925975773889,0.6442605997931747,0.7286549707602339,cao2018,S09/060317n,all_channel,median,median__all_channel__F7,32,65,"[0, 1, 2, 3, 4, 5, 6, 7, 8, 9, 10, 11, 12, 13, 14, 16, 18, 19, 20, 21, 22, 28, 29, 30, 35, 36, 37, 40, 41, 42, 43, 44, 45, 46, 47, 48, 49, 50, 51, 52, 53, 54, 55, 56, 57, 58, 59, 60, 61, 62, 63, 64]",52,False,2.5335955664930113e-05,-8.900865007250962e-07,8.742014055218403e-06,40.0
FT7,735,735,613,122,354,0.8340136054421768,0.6339193381592554,0.7203290246768507,cao2018,S09/060317n,all_channel,median,median__all_channel__FT7,32,65,"[0, 1, 2, 3, 4, 5, 6, 7, 8, 9, 10, 11, 12, 13, 14, 16, 18, 19, 20, 21, 22, 28, 29, 30, 35, 36, 37, 40, 41, 42, 43, 44, 45, 46, 47, 48, 49, 50, 51, 52, 53, 54, 55, 56, 57, 58, 59, 60, 61, 62, 63, 64]",52,False,2.528759935264143e-05,-8.727717598827641e-07,8.720123704174731e-06,40.0
T3,702,702,583,119,384,0.8304843304843305,0.6028955532574974,0.6986219292989815,cao2018,S09/060317n,all_channel,median,median__all_channel__T3,32,65,"[0, 1, 2, 3, 4, 5, 6, 7, 8, 9, 10, 11, 12, 13, 14, 16, 18, 19, 20, 21, 22, 28, 29, 30, 35, 36, 37, 40, 41, 42, 43, 44, 45, 46, 47, 48, 49, 50, 51, 52, 53, 54, 55, 56, 57, 58, 59, 60, 61, 62, 63, 64]",52,False,2.463135540573797e-05,-8.145362770433431e-07,8.481963894260438e-06,40.0
FC3,529,529,424,105,543,0.8015122873345936,0.4384694932781799,0.5668449197860962,cao2018,S09/060317n,all_channel,median,median__all_channel__FC3,32,65,"[0, 1, 2, 3, 4, 5, 6, 7, 8, 9, 10, 11, 12, 13, 14, 16, 18, 19, 20, 21, 22, 28, 29, 30, 35, 36, 37, 40, 41, 42, 43, 44, 45, 46, 47, 48, 49, 50, 51, 52, 53, 54, 55, 56, 57, 58, 59, 60, 61, 62, 63, 64]",52,False,2.9976005242138096e-05,-1.0265943911331097e-06,1.0334199877757069e-05,40.0
FT8,535,535,401,134,566,0.7495327102803738,0.41468459152016546,0.5339547270306259,cao2018,S09/060317n,all_channel,median,median__all_channel__FT8,32,65,"[0, 1, 2, 3, 4, 5, 6, 7, 8, 9, 10, 11, 12, 13, 14, 16, 18, 19, 20, 21, 22, 28, 29, 30, 35, 36, 37, 40, 41, 42, 43, 44, 45, 46, 47, 48, 49, 50, 51, 52, 53, 54, 55, 56, 57, 58, 59, 60, 61, 62, 63, 64]",52,False,2.7141092923927216e-05,-5.719602028684472e-07,9.237684375598555e-06,40.0
FC4,472,472,346,126,621,0.7330508474576272,0.3578076525336091,0.48088950660180674,cao2018,S09/060317n,all_channel,median,median__all_channel__FC4,32,65,"[0, 1, 2, 3, 4, 5, 6, 7, 8, 9, 10, 11, 12, 13, 14, 16, 18, 19, 20, 21, 22, 28, 29, 30, 35, 36, 37, 40, 41, 42, 43, 44, 45, 46, 47, 48, 49, 50, 51, 52, 53, 54, 55, 56, 57, 58, 59, 60, 61, 62, 63, 64]",52,False,3.2398582759445054e-05,-1.1355626666045273e-06,1.117804847534986e-05,40.0
FCZ,407,407,326,81,641,0.800982800982801,0.33712512926577043,0.47452692867540036,cao2018,S09/060317n,all_channel,median,median__all_channel__FCZ,32,65,"[0, 1, 2, 3, 4, 5, 6, 7, 8, 9, 10, 11, 12, 13, 14, 16, 18, 19, 20, 21, 22, 28, 29, 30, 35, 36, 37, 40, 41, 42, 43, 44, 45, 46, 47, 48, 49, 50, 51, 52, 53, 54, 55, 56, 57, 58, 59, 60, 61, 62, 63, 64]",52,False,3.185287544947635e-05,-1.0086607806285537e-06,1.0953845410034968e-05,40.0
T4,469,469,332,137,635,0.7078891257995735,0.34332988624612204,0.4623955431754874,cao2018,S09/060317n,all_channel,median,median__all_channel__T4,32,65,"[0, 1, 2, 3, 4, 5, 6, 7, 8, 9, 10, 11, 12, 13, 14, 16, 18, 19, 20, 21, 22, 28, 29, 30, 35, 36, 37, 40, 41, 42, 43, 44, 45, 46, 47, 48, 49, 50, 51, 52, 53, 54, 55, 56, 57, 58, 59, 60, 61, 62, 63, 64]",52,False,2.6406204060727996e-05,-4.860782184127268e-07,8.964094093046908e-06,40.0
C3,330,330,240,90,727,0.7272727272727273,0.2481902792140641,0.3700848111025443,cao2018,S09/060317n,all_channel,median,median__all_channel__C3,32,65,"[0, 1, 2, 3, 4, 5, 6, 7, 8, 9, 10, 11, 12, 13, 14, 16, 18, 19, 20, 21, 22, 28, 29, 30, 35, 36, 37, 40, 41, 42, 43, 44, 45, 46, 47, 48, 49, 50, 51, 52, 53, 54, 55, 56, 57, 58, 59, 60, 61, 62, 63, 64]",52,False,2.7017404578206124e-05,-7.24343387904178e-07,9.247249322036767e-06,40.0
C4,324,324,188,136,779,0.5802469135802469,0.19441571871768357,0.2912470952749806,cao2018,S09/060317n,all_channel,median,median__all_channel__C4,32,65,"[0, 1, 2, 3, 4, 5, 6, 7, 8, 9, 10, 11, 12, 13, 14, 16, 18, 19, 20, 21, 22, 28, 29, 30, 35, 36, 37, 40, 41, 42, 43, 44, 45, 46, 47, 48, 49, 50, 51, 52, 53, 54, 55, 56, 57, 58, 59, 60, 61, 62, 63, 64]",52,False,2.9994421785567835e-05,-8.246615366603161e-07,1.027302777407605e-05,40.0
CZ,226,226,152,74,815,0.672566371681416,0.15718717683557393,0.2548197820620285,cao2018,S09/060317n,all_channel,median,median__all_channel__CZ,32,65,"[0, 1, 2, 3, 4, 5, 6, 7, 8, 9, 10, 11, 12, 13, 14, 16, 18, 19, 20, 21, 22, 28, 29, 30, 35, 36, 37, 40, 41, 42, 43, 44, 45, 46, 47, 48, 49, 50, 51, 52, 53, 54, 55, 56, 57, 58, 59, 60, 61, 62, 63, 64]",52,False,2.957132688882795e-05,-6.712246781131165e-07,1.0080850522313689e-05,40.0
TP7,235,235,149,86,818,0.6340425531914894,0.15408479834539815,0.2479201331114809,cao2018,S09/060317n,all_channel,median,median__all_channel__TP7,32,65,"[0, 1, 2, 3, 4, 5, 6, 7, 8, 9, 10, 11, 12, 13, 14, 16, 18, 19, 20, 21, 22, 28, 29, 30, 35, 36, 37, 40, 41, 42, 43, 44, 45, 46, 47, 48, 49, 50, 51, 52, 53, 54, 55, 56, 57, 58, 59, 60, 61, 62, 63, 64]",52,False,1.7522746362507252e-05,-3.0741037724628474e-07,5.943385579917847e-06,40.0
T6,291,291,153,138,814,0.5257731958762887,0.15822130299896586,0.24324324324324323,cao2018,S09/060317n,all_channel,median,median__all_channel__T6,32,65,"[0, 1, 2, 3, 4, 5, 6, 7, 8, 9, 10, 11, 12, 13, 14, 16, 18, 19, 20, 21, 22, 28, 29, 30, 35, 36, 37, 40, 41, 42, 43, 44, 45, 46, 47, 48, 49, 50, 51, 52, 53, 54, 55, 56, 57, 58, 59, 60, 61, 62, 63, 64]",52,False,1.8774631439434082e-05,-3.7688284293975765e-07,6.383838094124614e-06,40.0
TP8,288,288,148,140,819,0.5138888888888888,0.15305067218200621,0.2358565737051793,cao2018,S09/060317n,all_channel,median,median__all_channel__TP8,32,65,"[0, 1, 2, 3, 4, 5, 6, 7, 8, 9, 10, 11, 12, 13, 14, 16, 18, 19, 20, 21, 22, 28, 29, 30, 35, 36, 37, 40, 41, 42, 43, 44, 45, 46, 47, 48, 49, 50, 51, 52, 53, 54, 55, 56, 57, 58, 59, 60, 61, 62, 63, 64]",52,False,1.8791503480949962e-05,-3.675814076785724e-07,6.386361629542844e-06,40.0
P3,172,172,113,59,854,0.6569767441860465,0.11685625646328852,0.1984196663740123,cao2018,S09/060317n,all_channel,median,median__all_channel__P3,32,65,"[0, 1, 2, 3, 4, 5, 6, 7, 8, 9, 10, 11, 12, 13, 14, 16, 18, 19, 20, 21, 22, 28, 29, 30, 35, 36, 37, 40, 41, 42, 43, 44, 45, 46, 47, 48, 49, 50, 51, 52, 53, 54, 55, 56, 57, 58, 59, 60, 61, 62, 63, 64]",52,False,2.4195825785004983e-05,-4.890055768486199e-07,8.228277120617867e-06,40.0
CP4,225,225,116,109,851,0.5155555555555555,0.11995863495346432,0.1946308724832215,cao2018,S09/060317n,all_channel,median,median__all_channel__CP4,32,65,"[0, 1, 2, 3, 4, 5, 6, 7, 8, 9, 10, 11, 12, 13, 14, 16, 18, 19, 20, 21, 22, 28, 29, 30, 35, 36, 37, 40, 41, 42, 43, 44, 45, 46, 47, 48, 49, 50, 51, 52, 53, 54, 55, 56, 57, 58, 59, 60, 61, 62, 63, 64]",52,False,2.6858805512789553e-05,-6.406783451997168e-07,9.166494619329757e-06,40.0
CP3,169,169,108,61,859,0.6390532544378699,0.11168562564632885,0.1901408450704225,cao2018,S09/060317n,all_channel,median,median__all_channel__CP3,32,65,"[0, 1, 2, 3, 4, 5, 6, 7, 8, 9, 10, 11, 12, 13, 14, 16, 18, 19, 20, 21, 22, 28, 29, 30, 35, 36, 37, 40, 41, 42, 43, 44, 45, 46, 47, 48, 49, 50, 51, 52, 53, 54, 55, 56, 57, 58, 59, 60, 61, 62, 63, 64]",52,False,2.4204079890715216e-05,-4.794361390337939e-07,8.227838676583003e-06,40.0
CPZ,156,156,89,67,878,0.5705128205128205,0.09203722854188211,0.1585040071237756,cao2018,S09/060317n,all_channel,median,median__all_channel__CPZ,32,65,"[0, 1, 2, 3, 4, 5, 6, 7, 8, 9, 10, 11, 12, 13, 14, 16, 18, 19, 20, 21, 22, 28, 29, 30, 35, 36, 37, 40, 41, 42, 43, 44, 45, 46, 47, 48, 49, 50, 51, 52, 53, 54, 55, 56, 57, 58, 59, 60, 61, 62, 63, 64]",52,False,2.672704176438954e-05,-5.254904986662773e-07,9.084177421018606e-06,40.0
T5,159,159,88,71,879,0.5534591194968553,0.09100310237849017,0.15630550621669625,cao2018,S09/060317n,all_channel,median,median__all_channel__T5,32,65,"[0, 1, 2, 3, 4, 5, 6, 7, 8, 9, 10, 11, 12, 13, 14, 16, 18, 19, 20, 21, 22, 28, 29, 30, 35, 36, 37, 40, 41, 42, 43, 44, 45, 46, 47, 48, 49, 50, 51, 52, 53, 54, 55, 56, 57, 58, 59, 60, 61, 62, 63, 64]",52,False,1.7349770400462408e-05,-2.274840886024687e-07,5.859084829688292e-06,40.0
P4,167,167,83,84,884,0.49700598802395207,0.08583247156153051,0.14638447971781307,cao2018,S09/060317n,all_channel,median,median__all_channel__P4,32,65,"[0, 1, 2, 3, 4, 5, 6, 7, 8, 9, 10, 11, 12, 13, 14, 16, 18, 19, 20, 21, 22, 28, 29, 30, 35, 36, 37, 40, 41, 42, 43, 44, 45, 46, 47, 48, 49, 50, 51, 52, 53, 54, 55, 56, 57, 58, 59, 60, 61, 62, 63, 64]",52,False,2.3920778913636076e-05,-5.025493763892314e-07,8.141109430008436e-06,40.0
A2,198,198,76,122,891,0.3838383838383838,0.07859358841778696,0.13047210300429182,cao2018,S09/060317n,all_channel,median,median__all_channel__A2,32,65,"[0, 1, 2, 3, 4, 5, 6, 7, 8, 9, 10, 11, 12, 13, 14, 16, 18, 19, 20, 21, 22, 28, 29, 30, 35, 36, 37, 40, 41, 42, 43, 44, 45, 46, 47, 48, 49, 50, 51, 52, 53, 54, 55, 56, 57, 58, 59, 60, 61, 62, 63, 64]",52,False,7.79858876438214e-06,3.1659192234199356e-08,2.588976524049313e-06,40.0
A1,219,219,77,142,890,0.3515981735159817,0.0796277145811789,0.12984822934232715,cao2018,S09/060317n,all_channel,median,median__all_channel__A1,32,65,"[0, 1, 2, 3, 4, 5, 6, 7, 8, 9, 10, 11, 12, 13, 14, 16, 18, 19, 20, 21, 22, 28, 29, 30, 35, 36, 37, 40, 41, 42, 43, 44, 45, 46, 47, 48, 49, 50, 51, 52, 53, 54, 55, 56, 57, 58, 59, 60, 61, 62, 63, 64]",52,False,7.73527037991374e-06,-3.1659192234199356e-08,2.588976524049313e-06,40.0
PZ,111,111,56,55,911,0.5045045045045045,0.057911065149948295,0.1038961038961039,cao2018,S09/060317n,all_channel,median,median__all_channel__PZ,32,65,"[0, 1, 2, 3, 4, 5, 6, 7, 8, 9, 10, 11, 12, 13, 14, 16, 18, 19, 20, 21, 22, 28, 29, 30, 35, 36, 37, 40, 41, 42, 43, 44, 45, 46, 47, 48, 49, 50, 51, 52, 53, 54, 55, 56, 57, 58, 59, 60, 61, 62, 63, 64]",52,False,2.459321510759711e-05,-3.9575592668167124e-07,8.329657011426261e-06,40.0
O2,80,80,39,41,928,0.4875,0.04033092037228542,0.07449856733524356,cao2018,S09/060317n,all_channel,median,median__all_channel__O2,32,65,"[0, 1, 2, 3, 4, 5, 6, 7, 8, 9, 10, 11, 12, 13, 14, 16, 18, 19, 20, 21, 22, 28, 29, 30, 35, 36, 37, 40, 41, 42, 43, 44, 45, 46, 47, 48, 49, 50, 51, 52, 53, 54, 55, 56, 57, 58, 59, 60, 61, 62, 63, 64]",52,False,1.6918306530328534e-05,-2.1669600277958554e-07,5.71166751103604e-06,40.0
O1,76,76,33,43,934,0.4342105263157895,0.03412616339193381,0.06327900287631831,cao2018,S09/060317n,all_channel,median,median__all_channel__O1,32,65,"[0, 1, 2, 3, 4, 5, 6, 7, 8, 9, 10, 11, 12, 13, 14, 16, 18, 19, 20, 21, 22, 28, 29, 30, 35, 36, 37, 40, 41, 42, 43, 44, 45, 46, 47, 48, 49, 50, 51, 52, 53, 54, 55, 56, 57, 58, 59, 60, 61, 62, 63, 64]",52,False,1.5944660907989816e-05,-1.7671933206366334e-07,5.37379341335116e-06,40.0
OZ,77,77,33,44,934,0.42857142857142855,0.03412616339193381,0.0632183908045977,cao2018,S09/060317n,all_channel,median,median__all_channel__OZ,32,65,"[0, 1, 2, 3, 4, 5, 6, 7, 8, 9, 10, 11, 12, 13, 14, 16, 18, 19, 20, 21, 22, 28, 29, 30, 35, 36, 37, 40, 41, 42, 43, 44, 45, 46, 47, 48, 49, 50, 51, 52, 53, 54, 55, 56, 57, 58, 59, 60, 61, 62, 63, 64]",52,False,1.5983274114750635e-05,-1.8681431979505656e-07,5.390029478181898e-06,40.0
FP1,1083,1083,960,123,7,0.8864265927977839,0.9927611168562565,0.9365853658536586,cao2018,S09/060317n,all_channel,mean,mean__all_channel__FP1,32,65,"[0, 1, 2, 3, 4, 5, 6, 7, 8, 9, 10, 11, 12, 13, 14, 16, 18, 19, 20, 21, 22, 28, 29, 30, 35, 36, 37, 40, 41, 42, 43, 44, 45, 46, 47, 48, 49, 50, 51, 52, 53, 54, 55, 56, 57, 58, 59, 60, 61, 62, 63, 64]",52,False,5.8197605245596776e-05,-2.214443791849025e-08,1.940658322783842e-05,40.0
FP2,1087,1087,960,127,7,0.8831646734130635,0.9927611168562565,0.934761441090555,cao2018,S09/060317n,all_channel,mean,mean__all_channel__FP2,32,65,"[0, 1, 2, 3, 4, 5, 6, 7, 8, 9, 10, 11, 12, 13, 14, 16, 18, 19, 20, 21, 22, 28, 29, 30, 35, 36, 37, 40, 41, 42, 43, 44, 45, 46, 47, 48, 49, 50, 51, 52, 53, 54, 55, 56, 57, 58, 59, 60, 61, 62, 63, 64]",52,False,5.354588587831974e-05,-2.403062261744223e-08,1.785663883364573e-05,40.0
FZ,786,786,717,69,250,0.9122137404580153,0.7414684591520165,0.8180262407301768,cao2018,S09/060317n,all_channel,mean,mean__all_channel__FZ,32,65,"[0, 1, 2, 3, 4, 5, 6, 7, 8, 9, 10, 11, 12, 13, 14, 16, 18, 19, 20, 21, 22, 28, 29, 30, 35, 36, 37, 40, 41, 42, 43, 44, 45, 46, 47, 48, 49, 50, 51, 52, 53, 54, 55, 56, 57, 58, 59, 60, 61, 62, 63, 64]",52,False,3.612127091671028e-05,-1.1401382892844633e-09,1.2040803684999856e-05,40.0
F3,779,779,691,88,276,0.8870346598202824,0.7145811789038262,0.7915234822451317,cao2018,S09/060317n,all_channel,mean,mean__all_channel__F3,32,65,"[0, 1, 2, 3, 4, 5, 6, 7, 8, 9, 10, 11, 12, 13, 14, 16, 18, 19, 20, 21, 22, 28, 29, 30, 35, 36, 37, 40, 41, 42, 43, 44, 45, 46, 47, 48, 49, 50, 51, 52, 53, 54, 55, 56, 57, 58, 59, 60, 61, 62, 63, 64]",52,False,3.456644375759611e-05,6.561803409327002e-11,1.1522126046520675e-05,40.0
F8,832,832,687,145,280,0.8257211538461539,0.7104446742502585,0.763757643135075,cao2018,S09/060317n,all_channel,mean,mean__all_channel__F8,32,65,"[0, 1, 2, 3, 4, 5, 6, 7, 8, 9, 10, 11, 12, 13, 14, 16, 18, 19, 20, 21, 22, 28, 29, 30, 35, 36, 37, 40, 41, 42, 43, 44, 45, 46, 47, 48, 49, 50, 51, 52, 53, 54, 55, 56, 57, 58, 59, 60, 61, 62, 63, 64]",52,False,3.995637758795647e-05,1.8032375354510856e-08,1.3312781737533985e-05,40.0
F4,733,733,636,97,331,0.8676671214188267,0.6577042399172699,0.7482352941176471,cao2018,S09/060317n,all_channel,mean,mean__all_channel__F4,32,65,"[0, 1, 2, 3, 4, 5, 6, 7, 8, 9, 10, 11, 12, 13, 14, 16, 18, 19, 20, 21, 22, 28, 29, 30, 35, 36, 37, 40, 41, 42, 43, 44, 45, 46, 47, 48, 49, 50, 51, 52, 53, 54, 55, 56, 57, 58, 59, 60, 61, 62, 63, 64]",52,False,3.647267847886421e-05,1.2505491284535752e-08,1.2153390995859891e-05,40.0
F7,706,706,596,110,371,0.8441926345609065,0.6163391933815926,0.7124925283921101,cao2018,S09/060317n,all_channel,mean,mean__all_channel__F7,32,65,"[0, 1, 2, 3, 4, 5, 6, 7, 8, 9, 10, 11, 12, 13, 14, 16, 18, 19, 20, 21, 22, 28, 29, 30, 35, 36, 37, 40, 41, 42, 43, 44, 45, 46, 47, 48, 49, 50, 51, 52, 53, 54, 55, 56, 57, 58, 59, 60, 61, 62, 63, 64]",52,False,2.6234521854540687e-05,8.47968888547777e-09,8.742014055218403e-06,40.0
FT7,693,693,580,113,387,0.836940836940837,0.5997931747673216,0.6987951807228916,cao2018,S09/060317n,all_channel,mean,mean__all_channel__FT7,32,65,"[0, 1, 2, 3, 4, 5, 6, 7, 8, 9, 10, 11, 12, 13, 14, 16, 18, 19, 20, 21, 22, 28, 29, 30, 35, 36, 37, 40, 41, 42, 43, 44, 45, 46, 47, 48, 49, 50, 51, 52, 53, 54, 55, 56, 57, 58, 59, 60, 61, 62, 63, 64]",52,False,2.6169550758165426e-05,9.179645641230036e-09,8.720123704174731e-06,40.0
T3,669,669,556,113,411,0.8310911808669657,0.5749741468459152,0.6797066014669927,cao2018,S09/060317n,all_channel,mean,mean__all_channel__T3,32,65,"[0, 1, 2, 3, 4, 5, 6, 7, 8, 9, 10, 11, 12, 13, 14, 16, 18, 19, 20, 21, 22, 28, 29, 30, 35, 36, 37, 40, 41, 42, 43, 44, 45, 46, 47, 48, 49, 50, 51, 52, 53, 54, 55, 56, 57, 58, 59, 60, 61, 62, 63, 64]",52,False,2.5456440627724715e-05,1.0548944943400089e-08,8.481963894260438e-06,40.0
FC3,491,491,396,95,571,0.8065173116089613,0.4095139607032058,0.5432098765432098,cao2018,S09/060317n,all_channel,mean,mean__all_channel__FC3,32,65,"[0, 1, 2, 3, 4, 5, 6, 7, 8, 9, 10, 11, 12, 13, 14, 16, 18, 19, 20, 21, 22, 28, 29, 30, 35, 36, 37, 40, 41, 42, 43, 44, 45, 46, 47, 48, 49, 50, 51, 52, 53, 54, 55, 56, 57, 58, 59, 60, 61, 62, 63, 64]",52,False,3.099898362841874e-05,-3.616004852466736e-09,1.0334199877757069e-05,40.0
FT8,509,509,384,125,583,0.7544204322200393,0.39710444674250256,0.5203252032520326,cao2018,S09/060317n,all_channel,mean,mean__all_channel__FT8,32,65,"[0, 1, 2, 3, 4, 5, 6, 7, 8, 9, 10, 11, 12, 13, 14, 16, 18, 19, 20, 21, 22, 28, 29, 30, 35, 36, 37, 40, 41, 42, 43, 44, 45, 46, 47, 48, 49, 50, 51, 52, 53, 54, 55, 56, 57, 58, 59, 60, 61, 62, 63, 64]",52,False,2.77134919377636e-05,4.388109679362582e-10,9.237684375598555e-06,40.0
T4,450,450,320,130,647,0.7111111111111111,0.3309203722854188,0.45165843330980937,cao2018,S09/060317n,all_channel,mean,mean__all_channel__T4,32,65,"[0, 1, 2, 3, 4, 5, 6, 7, 8, 9, 10, 11, 12, 13, 14, 16, 18, 19, 20, 21, 22, 28, 29, 30, 35, 36, 37, 40, 41, 42, 43, 44, 45, 46, 47, 48, 49, 50, 51, 52, 53, 54, 55, 56, 57, 58, 59, 60, 61, 62, 63, 64]",52,False,2.6893438797258987e-05,1.1565181182638233e-09,8.964094093046908e-06,40.0
FCZ,363,363,297,66,670,0.8181818181818182,0.30713547052740436,0.4466165413533835,cao2018,S09/060317n,all_channel,mean,mean__all_channel__FCZ,32,65,"[0, 1, 2, 3, 4, 5, 6, 7, 8, 9, 10, 11, 12, 13, 14, 16, 18, 19, 20, 21, 22, 28, 29, 30, 35, 36, 37, 40, 41, 42, 43, 44, 45, 46, 47, 48, 49, 50, 51, 52, 53, 54, 55, 56, 57, 58, 59, 60, 61, 62, 63, 64]",52,False,3.286412868856287e-05,2.5924584579648016e-09,1.0953845410034968e-05,40.0
FC4,424,424,306,118,661,0.7216981132075472,0.3164426059979317,0.43997124370956137,cao2018,S09/060317n,all_channel,mean,mean__all_channel__FC4,32,65,"[0, 1, 2, 3, 4, 5, 6, 7, 8, 9, 10, 11, 12, 13, 14, 16, 18, 19, 20, 21, 22, 28, 29, 30, 35, 36, 37, 40, 41, 42, 43, 44, 45, 46, 47, 48, 49, 50, 51, 52, 53, 54, 55, 56, 57, 58, 59, 60, 61, 62, 63, 64]",52,False,3.355069194123425e-05,1.654651518467144e-08,1.117804847534986e-05,40.0
C3,305,305,223,82,744,0.7311475409836066,0.23061013443640124,0.3506289308176101,cao2018,S09/060317n,all_channel,mean,mean__all_channel__C3,32,65,"[0, 1, 2, 3, 4, 5, 6, 7, 8, 9, 10, 11, 12, 13, 14, 16, 18, 19, 20, 21, 22, 28, 29, 30, 35, 36, 37, 40, 41, 42, 43, 44, 45, 46, 47, 48, 49, 50, 51, 52, 53, 54, 55, 56, 57, 58, 59, 60, 61, 62, 63, 64]",52,False,2.7739755750868506e-05,-1.992215241797326e-09,9.247249322036767e-06,40.0
C4,305,305,176,129,791,0.5770491803278689,0.18200620475698034,0.27672955974842767,cao2018,S09/060317n,all_channel,mean,mean__all_channel__C4,32,65,"[0, 1, 2, 3, 4, 5, 6, 7, 8, 9, 10, 11, 12, 13, 14, 16, 18, 19, 20, 21, 22, 28, 29, 30, 35, 36, 37, 40, 41, 42, 43, 44, 45, 46, 47, 48, 49, 50, 51, 52, 53, 54, 55, 56, 57, 58, 59, 60, 61, 62, 63, 64]",52,False,3.083723251160856e-05,1.8149189380410338e-08,1.027302777407605e-05,40.0
TP7,222,222,141,81,826,0.6351351351351351,0.14581178903826267,0.23717409587888982,cao2018,S09/060317n,all_channel,mean,mean__all_channel__TP7,32,65,"[0, 1, 2, 3, 4, 5, 6, 7, 8, 9, 10, 11, 12, 13, 14, 16, 18, 19, 20, 21, 22, 28, 29, 30, 35, 36, 37, 40, 41, 42, 43, 44, 45, 46, 47, 48, 49, 50, 51, 52, 53, 54, 55, 56, 57, 58, 59, 60, 61, 62, 63, 64]",52,False,1.7837533142315627e-05,7.3764025620889165e-09,5.943385579917847e-06,40.0
CZ,209,209,139,70,828,0.6650717703349283,0.1437435367114788,0.23639455782312926,cao2018,S09/060317n,all_channel,mean,mean__all_channel__CZ,32,65,"[0, 1, 2, 3, 4, 5, 6, 7, 8, 9, 10, 11, 12, 13, 14, 16, 18, 19, 20, 21, 22, 28, 29, 30, 35, 36, 37, 40, 41, 42, 43, 44, 45, 46, 47, 48, 49, 50, 51, 52, 53, 54, 55, 56, 57, 58, 59, 60, 61, 62, 63, 64]",52,False,3.0247430727207695e-05,4.879160266630104e-09,1.0080850522313689e-05,40.0
T6,279,279,142,137,825,0.5089605734767025,0.1468459152016546,0.22792937399678975,cao2018,S09/060317n,all_channel,mean,mean__all_channel__T6,32,65,"[0, 1, 2, 3, 4, 5, 6, 7, 8, 9, 10, 11, 12, 13, 14, 16, 18, 19, 20, 21, 22, 28, 29, 30, 35, 36, 37, 40, 41, 42, 43, 44, 45, 46, 47, 48, 49, 50, 51, 52, 53, 54, 55, 56, 57, 58, 59, 60, 61, 62, 63, 64]",52,False,1.9164176334382234e-05,1.2662052008392844e-08,6.383838094124614e-06,40.0
TP8,281,281,138,143,829,0.49110320284697506,0.14270941054808686,0.22115384615384617,cao2018,S09/060317n,all_channel,mean,mean__all_channel__TP8,32,65,"[0, 1, 2, 3, 4, 5, 6, 7, 8, 9, 10, 11, 12, 13, 14, 16, 18, 19, 20, 21, 22, 28, 29, 30, 35, 36, 37, 40, 41, 42, 43, 44, 45, 46, 47, 48, 49, 50, 51, 52, 53, 54, 55, 56, 57, 58, 59, 60, 61, 62, 63, 64]",52,False,1.917229199659214e-05,1.3207107963607638e-08,6.386361629542844e-06,40.0
CP4,214,214,107,107,860,0.5,0.11065149948293691,0.18120237087214222,cao2018,S09/060317n,all_channel,mean,mean__all_channel__CP4,32,65,"[0, 1, 2, 3, 4, 5, 6, 7, 8, 9, 10, 11, 12, 13, 14, 16, 18, 19, 20, 21, 22, 28, 29, 30, 35, 36, 37, 40, 41, 42, 43, 44, 45, 46, 47, 48, 49, 50, 51, 52, 53, 54, 55, 56, 57, 58, 59, 60, 61, 62, 63, 64]",52,False,2.7511627047595757e-05,1.2143189606487522e-08,9.166494619329757e-06,40.0
P3,157,157,100,57,867,0.6369426751592356,0.10341261633919338,0.17793594306049823,cao2018,S09/060317n,all_channel,mean,mean__all_channel__P3,32,65,"[0, 1, 2, 3, 4, 5, 6, 7, 8, 9, 10, 11, 12, 13, 14, 16, 18, 19, 20, 21, 22, 28, 29, 30, 35, 36, 37, 40, 41, 42, 43, 44, 45, 46, 47, 48, 49, 50, 51, 52, 53, 54, 55, 56, 57, 58, 59, 60, 61, 62, 63, 64]",52,False,2.468469382747803e-05,-1.3753437557076464e-10,8.228277120617867e-06,40.0
CP3,151,151,94,57,873,0.6225165562913907,0.09720785935884178,0.16815742397137745,cao2018,S09/060317n,all_channel,mean,mean__all_channel__CP3,32,65,"[0, 1, 2, 3, 4, 5, 6, 7, 8, 9, 10, 11, 12, 13, 14, 16, 18, 19, 20, 21, 22, 28, 29, 30, 35, 36, 37, 40, 41, 42, 43, 44, 45, 46, 47, 48, 49, 50, 51, 52, 53, 54, 55, 56, 57, 58, 59, 60, 61, 62, 63, 64]",52,False,2.4683067520819018e-05,-4.485089299907147e-10,8.227838676583003e-06,40.0
T5,156,156,83,73,884,0.532051282051282,0.08583247156153051,0.14781834372217276,cao2018,S09/060317n,all_channel,mean,mean__all_channel__T5,32,65,"[0, 1, 2, 3, 4, 5, 6, 7, 8, 9, 10, 11, 12, 13, 14, 16, 18, 19, 20, 21, 22, 28, 29, 30, 35, 36, 37, 40, 41, 42, 43, 44, 45, 46, 47, 48, 49, 50, 51, 52, 53, 54, 55, 56, 57, 58, 59, 60, 61, 62, 63, 64]",52,False,1.7575279141915187e-05,-1.9753471496903856e-09,5.859084829688292e-06,40.0
CPZ,146,146,81,65,886,0.5547945205479452,0.08376421923474664,0.14555256064690025,cao2018,S09/060317n,all_channel,mean,mean__all_channel__CPZ,32,65,"[0, 1, 2, 3, 4, 5, 6, 7, 8, 9, 10, 11, 12, 13, 14, 16, 18, 19, 20, 21, 22, 28, 29, 30, 35, 36, 37, 40, 41, 42, 43, 44, 45, 46, 47, 48, 49, 50, 51, 52, 53, 54, 55, 56, 57, 58, 59, 60, 61, 62, 63, 64]",52,False,2.7258771502087356e-05,6.2392390315377164e-09,9.084177421018606e-06,40.0
P4,147,147,78,69,889,0.5306122448979592,0.08066184074457083,0.1400359066427289,cao2018,S09/060317n,all_channel,mean,mean__all_channel__P4,32,65,"[0, 1, 2, 3, 4, 5, 6, 7, 8, 9, 10, 11, 12, 13, 14, 16, 18, 19, 20, 21, 22, 28, 29, 30, 35, 36, 37, 40, 41, 42, 43, 44, 45, 46, 47, 48, 49, 50, 51, 52, 53, 54, 55, 56, 57, 58, 59, 60, 61, 62, 63, 64]",52,False,2.44281260618137e-05,4.7977717883898735e-09,8.141109430008436e-06,40.0
A2,197,197,76,121,891,0.38578680203045684,0.07859358841778696,0.13058419243986252,cao2018,S09/060317n,all_channel,mean,mean__all_channel__A2,32,65,"[0, 1, 2, 3, 4, 5, 6, 7, 8, 9, 10, 11, 12, 13, 14, 16, 18, 19, 20, 21, 22, 28, 29, 30, 35, 36, 37, 40, 41, 42, 43, 44, 45, 46, 47, 48, 49, 50, 51, 52, 53, 54, 55, 56, 57, 58, 59, 60, 61, 62, 63, 64]",52,False,7.767164947202171e-06,2.353750542312062e-10,2.588976524049313e-06,40.0
A1,217,217,75,142,892,0.3456221198156682,0.07755946225439504,0.1266891891891892,cao2018,S09/060317n,all_channel,mean,mean__all_channel__A1,32,65,"[0, 1, 2, 3, 4, 5, 6, 7, 8, 9, 10, 11, 12, 13, 14, 16, 18, 19, 20, 21, 22, 28, 29, 30, 35, 36, 37, 40, 41, 42, 43, 44, 45, 46, 47, 48, 49, 50, 51, 52, 53, 54, 55, 56, 57, 58, 59, 60, 61, 62, 63, 64]",52,False,7.766694197093708e-06,-2.353750542312062e-10,2.588976524049313e-06,40.0
PZ,103,103,52,51,915,0.5048543689320388,0.05377456049638056,0.097196261682243,cao2018,S09/060317n,all_channel,mean,mean__all_channel__PZ,32,65,"[0, 1, 2, 3, 4, 5, 6, 7, 8, 9, 10, 11, 12, 13, 14, 16, 18, 19, 20, 21, 22, 28, 29, 30, 35, 36, 37, 40, 41, 42, 43, 44, 45, 46, 47, 48, 49, 50, 51, 52, 53, 54, 55, 56, 57, 58, 59, 60, 61, 62, 63, 64]",52,False,2.499371072170398e-05,4.739687425198748e-09,8.329657011426261e-06,40.0
O2,73,73,35,38,932,0.4794520547945205,0.03619441571871768,0.06730769230769232,cao2018,S09/060317n,all_channel,mean,mean__all_channel__O2,32,65,"[0, 1, 2, 3, 4, 5, 6, 7, 8, 9, 10, 11, 12, 13, 14, 16, 18, 19, 20, 21, 22, 28, 29, 30, 35, 36, 37, 40, 41, 42, 43, 44, 45, 46, 47, 48, 49, 50, 51, 52, 53, 54, 55, 56, 57, 58, 59, 60, 61, 62, 63, 64]",52,False,1.713243755040725e-05,-2.5649827008683196e-09,5.71166751103604e-06,40.0
O1,72,72,31,41,936,0.4305555555555556,0.03205791106514995,0.05967276227141483,cao2018,S09/060317n,all_channel,mean,mean__all_channel__O1,32,65,"[0, 1, 2, 3, 4, 5, 6, 7, 8, 9, 10, 11, 12, 13, 14, 16, 18, 19, 20, 21, 22, 28, 29, 30, 35, 36, 37, 40, 41, 42, 43, 44, 45, 46, 47, 48, 49, 50, 51, 52, 53, 54, 55, 56, 57, 58, 59, 60, 61, 62, 63, 64]",52,False,1.61180072264534e-05,-3.3730136000811154e-09,5.37379341335116e-06,40.0
OZ,74,74,31,43,936,0.4189189189189189,0.03205791106514995,0.05955811719500481,cao2018,S09/060317n,all_channel,mean,mean__all_channel__OZ,32,65,"[0, 1, 2, 3, 4, 5, 6, 7, 8, 9, 10, 11, 12, 13, 14, 16, 18, 19, 20, 21, 22, 28, 29, 30, 35, 36, 37, 40, 41, 42, 43, 44, 45, 46, 47, 48, 49, 50, 51, 52, 53, 54, 55, 56, 57, 58, 59, 60, 61, 62, 63, 64]",52,False,1.6166795627357994e-05,-3.292807187699458e-09,5.390029478181898e-06,40.0
FP1,1085,1085,960,125,7,0.8847926267281107,0.9927611168562565,0.935672514619883,cao2018,S09/060317n,frontal,median,median__frontal__FP1,4,65,"[0, 1, 2, 3, 4, 5, 6, 7, 8, 9, 10, 11, 12, 13, 19, 20, 21, 22, 29, 30, 37, 40, 41, 42, 43, 44, 45, 46, 47, 48, 49, 50, 51, 52, 53, 54, 55, 56, 57, 58, 59, 60, 61, 62, 63, 64]",46,False,5.6762893134637756e-05,-6.1080601620140406e-06,2.0956984432217263e-05,40.0
FP2,1093,1093,960,133,7,0.8783165599268069,0.9927611168562565,0.9320388349514562,cao2018,S09/060317n,frontal,median,median__frontal__FP2,4,65,"[0, 1, 2, 3, 4, 5, 6, 7, 8, 9, 10, 11, 12, 13, 19, 20, 21, 22, 29, 30, 37, 40, 41, 42, 43, 44, 45, 46, 47, 48, 49, 50, 51, 52, 53, 54, 55, 56, 57, 58, 59, 60, 61, 62, 63, 64]",46,False,5.229790785129813e-05,-5.490156291472143e-06,1.926268804759009e-05,40.0
F3,801,801,701,100,266,0.8751560549313359,0.7249224405377456,0.7929864253393666,cao2018,S09/060317n,frontal,median,median__frontal__F3,4,65,"[0, 1, 2, 3, 4, 5, 6, 7, 8, 9, 10, 11, 12, 13, 19, 20, 21, 22, 29, 30, 37, 40, 41, 42, 43, 44, 45, 46, 47, 48, 49, 50, 51, 52, 53, 54, 55, 56, 57, 58, 59, 60, 61, 62, 63, 64]",46,False,3.367790088853055e-05,-1.7584183949269225e-06,1.181210642781916e-05,40.0
F4,750,750,651,99,316,0.868,0.6732161323681489,0.7582993593476994,cao2018,S09/060317n,frontal,median,median__frontal__F4,4,65,"[0, 1, 2, 3, 4, 5, 6, 7, 8, 9, 10, 11, 12, 13, 19, 20, 21, 22, 29, 30, 37, 40, 41, 42, 43, 44, 45, 46, 47, 48, 49, 50, 51, 52, 53, 54, 55, 56, 57, 58, 59, 60, 61, 62, 63, 64]",46,False,3.572509658850934e-05,-1.8995841213539523e-06,1.2541560236621098e-05,40.0
FP1,1067,1067,958,109,9,0.8978444236176195,0.9906928645294726,0.9419862340216322,cao2018,S09/060317n,frontal,mean,mean__frontal__FP1,4,65,"[0, 1, 2, 3, 4, 5, 6, 7, 8, 9, 10, 11, 12, 13, 19, 20, 21, 22, 29, 30, 37, 40, 41, 42, 43, 44, 45, 46, 47, 48, 49, 50, 51, 52, 53, 54, 55, 56, 57, 58, 59, 60, 61, 62, 63, 64]",46,False,6.284429489363106e-05,-2.665840302073284e-08,2.0956984432217263e-05,40.0
FP2,1073,1073,955,118,12,0.8900279589934762,0.9875904860392968,0.9362745098039216,cao2018,S09/060317n,frontal,mean,mean__frontal__FP2,4,65,"[0, 1, 2, 3, 4, 5, 6, 7, 8, 9, 10, 11, 12, 13, 19, 20, 21, 22, 29, 30, 37, 40, 41, 42, 43, 44, 45, 46, 47, 48, 49, 50, 51, 52, 53, 54, 55, 56, 57, 58, 59, 60, 61, 62, 63, 64]",46,False,5.776174398540908e-05,-2.632015736119926e-08,1.926268804759009e-05,40.0
F3,750,750,667,83,300,0.8893333333333333,0.6897621509824199,0.7769365171811299,cao2018,S09/060317n,frontal,mean,mean__frontal__F3,4,65,"[0, 1, 2, 3, 4, 5, 6, 7, 8, 9, 10, 11, 12, 13, 19, 20, 21, 22, 29, 30, 37, 40, 41, 42, 43, 44, 45, 46, 47, 48, 49, 50, 51, 52, 53, 54, 55, 56, 57, 58, 59, 60, 61, 62, 63, 64]",46,False,3.5436450148214e-05,1.3086475652728458e-10,1.181210642781916e-05,40.0
F4,708,708,615,93,352,0.8686440677966102,0.6359875904860393,0.7343283582089551,cao2018,S09/060317n,frontal,mean,mean__frontal__F4,4,65,"[0, 1, 2, 3, 4, 5, 6, 7, 8, 9, 10, 11, 12, 13, 19, 20, 21, 22, 29, 30, 37, 40, 41, 42, 43, 44, 45, 46, 47, 48, 49, 50, 51, 52, 53, 54, 55, 56, 57, 58, 59, 60, 61, 62, 63, 64]",46,False,3.763849870070697e-05,1.381799084368294e-08,1.2541560236621098e-05,40.0
FP1,1085,1085,960,125,7,0.8847926267281107,0.9927611168562565,0.935672514619883,cao2018,S09/060317n,frontal_left,median,median__frontal_left__FP1,2,65,"[0, 1, 2, 3, 4, 5, 6, 7, 8, 9, 10, 11, 12, 13, 19, 20, 21, 22, 29, 30, 37, 40, 41, 42, 43, 44, 45, 46, 47, 48, 49, 50, 51, 52, 53, 54, 55, 56, 57, 58, 59, 60, 61, 62, 63, 64]",46,False,5.6762893134637756e-05,-6.1080601620140406e-06,2.0956984432217263e-05,40.0
F3,801,801,701,100,266,0.8751560549313359,0.7249224405377456,0.7929864253393666,cao2018,S09/060317n,frontal_left,median,median__frontal_left__F3,2,65,"[0, 1, 2, 3, 4, 5, 6, 7, 8, 9, 10, 11, 12, 13, 19, 20, 21, 22, 29, 30, 37, 40, 41, 42, 43, 44, 45, 46, 47, 48, 49, 50, 51, 52, 53, 54, 55, 56, 57, 58, 59, 60, 61, 62, 63, 64]",46,False,3.367790088853055e-05,-1.7584183949269225e-06,1.181210642781916e-05,40.0
FP1,1067,1067,958,109,9,0.8978444236176195,0.9906928645294726,0.9419862340216322,cao2018,S09/060317n,frontal_left,mean,mean__frontal_left__FP1,2,65,"[0, 1, 2, 3, 4, 5, 6, 7, 8, 9, 10, 11, 12, 13, 19, 20, 21, 22, 29, 30, 37, 40, 41, 42, 43, 44, 45, 46, 47, 48, 49, 50, 51, 52, 53, 54, 55, 56, 57, 58, 59, 60, 61, 62, 63, 64]",46,False,6.284429489363106e-05,-2.665840302073284e-08,2.0956984432217263e-05,40.0
F3,750,750,667,83,300,0.8893333333333333,0.6897621509824199,0.7769365171811299,cao2018,S09/060317n,frontal_left,mean,mean__frontal_left__F3,2,65,"[0, 1, 2, 3, 4, 5, 6, 7, 8, 9, 10, 11, 12, 13, 19, 20, 21, 22, 29, 30, 37, 40, 41, 42, 43, 44, 45, 46, 47, 48, 49, 50, 51, 52, 53, 54, 55, 56, 57, 58, 59, 60, 61, 62, 63, 64]",46,False,3.5436450148214e-05,1.3086475652728458e-10,1.181210642781916e-05,40.0
FP2,1088,1088,960,128,7,0.8823529411764706,0.9927611168562565,0.9343065693430657,cao2018,S09/060317n,frontal_right,median,median__frontal_right__FP2,2,65,"[0, 1, 2, 3, 4, 5, 6, 7, 8, 9, 10, 11, 12, 13, 19, 20, 21, 30, 37, 40, 41, 42, 43, 44, 45, 46, 47, 48, 49, 50, 51, 52, 53, 54, 55, 56, 57, 58, 59, 60, 61, 62, 63, 64]",44,False,5.33753259871292e-05,-5.937276088155084e-06,1.9770867358428094e-05,40.0
F4,740,740,642,98,325,0.8675675675675676,0.6639089968976215,0.7521968365553603,cao2018,S09/060317n,frontal_right,median,median__frontal_right__F4,2,65,"[0, 1, 2, 3, 4, 5, 6, 7, 8, 9, 10, 11, 12, 13, 19, 20, 21, 30, 37, 40, 41, 42, 43, 44, 45, 46, 47, 48, 49, 50, 51, 52, 53, 54, 55, 56, 57, 58, 59, 60, 61, 62, 63, 64]",44,False,3.629021942433002e-05,-2.019013618459312e-06,1.2769744347596442e-05,40.0
FP2,1067,1067,954,113,13,0.8940955951265229,0.9865563598759048,0.9380530973451328,cao2018,S09/060317n,frontal_right,mean,mean__frontal_right__FP2,2,65,"[0, 1, 2, 3, 4, 5, 6, 7, 8, 9, 10, 11, 12, 13, 19, 20, 21, 30, 37, 40, 41, 42, 43, 44, 45, 46, 47, 48, 49, 50, 51, 52, 53, 54, 55, 56, 57, 58, 59, 60, 61, 62, 63, 64]",44,False,5.928659184293973e-05,-2.6010232344555527e-08,1.9770867358428094e-05,40.0
F4,680,680,589,91,378,0.8661764705882353,0.609100310237849,0.7152398299939284,cao2018,S09/060317n,frontal_right,mean,mean__frontal_right__F4,2,65,"[0, 1, 2, 3, 4, 5, 6, 7, 8, 9, 10, 11, 12, 13, 19, 20, 21, 30, 37, 40, 41, 42, 43, 44, 45, 46, 47, 48, 49, 50, 51, 52, 53, 54, 55, 56, 57, 58, 59, 60, 61, 62, 63, 64]",44,False,3.8324202451004983e-05,1.4969408215657147e-08,1.2769744347596442e-05,40.0
FP1,1096,1096,962,134,5,0.8777372262773723,0.9948293691830403,0.9326223945710131,cao2018,S09/060317n,all_channel,median,median__all_channel__FP1,32,52,"[0, 1, 2, 3, 4, 5, 6, 7, 8, 9, 10, 11, 13, 15, 16, 18, 22, 23, 24, 29, 30, 32, 33, 34, 35, 36, 37, 38, 39, 40, 41, 42, 43, 44, 45, 46, 47, 48, 49, 50, 51]",41,False,5.371663059578945e-05,-5.074198245080002e-06,1.9596942946956486e-05,50.0
FP2,1115,1115,963,152,4,0.863677130044843,0.9958634953464323,0.9250720461095101,cao2018,S09/060317n,all_channel,median,median__all_channel__FP2,32,52,"[0, 1, 2, 3, 4, 5, 6, 7, 8, 9, 10, 11, 13, 15, 16, 18, 22, 23, 24, 29, 30, 32, 33, 34, 35, 36, 37, 38, 39, 40, 41, 42, 43, 44, 45, 46, 47, 48, 49, 50, 51]",41,False,4.954891262118515e-05,-4.627016708791633e-06,1.805864310999226e-05,50.0
FZ,836,836,750,86,217,0.8971291866028708,0.7755946225439504,0.8319467554076541,cao2018,S09/060317n,all_channel,median,median__all_channel__FZ,32,52,"[0, 1, 2, 3, 4, 5, 6, 7, 8, 9, 10, 11, 13, 15, 16, 18, 22, 23, 24, 29, 30, 32, 33, 34, 35, 36, 37, 38, 39, 40, 41, 42, 43, 44, 45, 46, 47, 48, 49, 50, 51]",41,False,3.4536792812027883e-05,-1.7894869948490337e-06,1.2108759935625639e-05,50.0
F3,819,819,714,105,253,0.8717948717948718,0.7383660806618407,0.799552071668533,cao2018,S09/060317n,all_channel,median,median__all_channel__F3,32,52,"[0, 1, 2, 3, 4, 5, 6, 7, 8, 9, 10, 11, 13, 15, 16, 18, 22, 23, 24, 29, 30, 32, 33, 34, 35, 36, 37, 38, 39, 40, 41, 42, 43, 44, 45, 46, 47, 48, 49, 50, 51]",41,False,3.31250869011887e-05,-1.5565276421237178e-06,1.1560538181104138e-05,50.0
F8,884,884,724,160,243,0.8190045248868778,0.7487073422957601,0.782279848730416,cao2018,S09/060317n,all_channel,median,median__all_channel__F8,32,52,"[0, 1, 2, 3, 4, 5, 6, 7, 8, 9, 10, 11, 13, 15, 16, 18, 22, 23, 24, 29, 30, 32, 33, 34, 35, 36, 37, 38, 39, 40, 41, 42, 43, 44, 45, 46, 47, 48, 49, 50, 51]",41,False,3.8099565013315325e-05,-1.7609576239432333e-06,1.3286840879086186e-05,50.0
F4,768,768,664,104,303,0.8645833333333334,0.6866597724922441,0.7654178674351585,cao2018,S09/060317n,all_channel,median,median__all_channel__F4,32,52,"[0, 1, 2, 3, 4, 5, 6, 7, 8, 9, 10, 11, 13, 15, 16, 18, 22, 23, 24, 29, 30, 32, 33, 34, 35, 36, 37, 38, 39, 40, 41, 42, 43, 44, 45, 46, 47, 48, 49, 50, 51]",41,False,3.497899588705507e-05,-1.6603753644198685e-06,1.2213123750491645e-05,50.0
F7,744,744,624,120,343,0.8387096774193549,0.6452947259565667,0.7293980128579778,cao2018,S09/060317n,all_channel,median,median__all_channel__F7,32,52,"[0, 1, 2, 3, 4, 5, 6, 7, 8, 9, 10, 11, 13, 15, 16, 18, 22, 23, 24, 29, 30, 32, 33, 34, 35, 36, 37, 38, 39, 40, 41, 42, 43, 44, 45, 46, 47, 48, 49, 50, 51]",41,False,2.5297304530764187e-05,-8.913211276798148e-07,8.729541886148001e-06,50.0
FT7,736,736,615,121,352,0.8355978260869565,0.6359875904860393,0.722254844392249,cao2018,S09/060317n,all_channel,median,median__all_channel__FT7,32,52,"[0, 1, 2, 3, 4, 5, 6, 7, 8, 9, 10, 11, 13, 15, 16, 18, 22, 23, 24, 29, 30, 32, 33, 34, 35, 36, 37, 38, 39, 40, 41, 42, 43, 44, 45, 46, 47, 48, 49, 50, 51]",41,False,2.5247677643464766e-05,-8.773843746681713e-07,8.708354006044312e-06,50.0
T3,701,701,583,118,384,0.8316690442225392,0.6028955532574974,0.6990407673860912,cao2018,S09/060317n,all_channel,median,median__all_channel__T3,32,52,"[0, 1, 2, 3, 4, 5, 6, 7, 8, 9, 10, 11, 13, 15, 16, 18, 22, 23, 24, 29, 30, 32, 33, 34, 35, 36, 37, 38, 39, 40, 41, 42, 43, 44, 45, 46, 47, 48, 49, 50, 51]",41,False,2.4596429306916615e-05,-8.233185020100066e-07,8.473249269642206e-06,50.0
FC3,524,524,421,103,546,0.8034351145038168,0.43536711478800416,0.5647216633132127,cao2018,S09/060317n,all_channel,median,median__all_channel__FC3,32,52,"[0, 1, 2, 3, 4, 5, 6, 7, 8, 9, 10, 11, 13, 15, 16, 18, 22, 23, 24, 29, 30, 32, 33, 34, 35, 36, 37, 38, 39, 40, 41, 42, 43, 44, 45, 46, 47, 48, 49, 50, 51]",41,False,3.008102592072266e-05,-1.030122136230027e-06,1.0370382685650894e-05,50.0
FT8,550,550,410,140,557,0.7454545454545455,0.4239917269906929,0.5405405405405406,cao2018,S09/060317n,all_channel,median,median__all_channel__FT8,32,52,"[0, 1, 2, 3, 4, 5, 6, 7, 8, 9, 10, 11, 13, 15, 16, 18, 22, 23, 24, 29, 30, 32, 33, 34, 35, 36, 37, 38, 39, 40, 41, 42, 43, 44, 45, 46, 47, 48, 49, 50, 51]",41,False,2.700043435121546e-05,-5.957781226665359e-07,9.198737491293999e-06,50.0
FC4,470,470,346,124,621,0.7361702127659574,0.3578076525336091,0.48155880306193455,cao2018,S09/060317n,all_channel,median,median__all_channel__FC4,32,52,"[0, 1, 2, 3, 4, 5, 6, 7, 8, 9, 10, 11, 13, 15, 16, 18, 22, 23, 24, 29, 30, 32, 33, 34, 35, 36, 37, 38, 39, 40, 41, 42, 43, 44, 45, 46, 47, 48, 49, 50, 51]",41,False,3.2545431824143e-05,-1.1631175295412283e-06,1.1236183117894743e-05,50.0
T4,478,478,340,138,627,0.7112970711297071,0.3516028955532575,0.47058823529411764,cao2018,S09/060317n,all_channel,median,median__all_channel__T4,32,52,"[0, 1, 2, 3, 4, 5, 6, 7, 8, 9, 10, 11, 13, 15, 16, 18, 22, 23, 24, 29, 30, 32, 33, 34, 35, 36, 37, 38, 39, 40, 41, 42, 43, 44, 45, 46, 47, 48, 49, 50, 51]",41,False,2.6288596706314615e-05,-5.011866106880217e-07,8.929927772334212e-06,50.0
FCZ,400,400,320,80,647,0.8,0.3309203722854188,0.4681784930504755,cao2018,S09/060317n,all_channel,median,median__all_channel__FCZ,32,52,"[0, 1, 2, 3, 4, 5, 6, 7, 8, 9, 10, 11, 13, 15, 16, 18, 22, 23, 24, 29, 30, 32, 33, 34, 35, 36, 37, 38, 39, 40, 41, 42, 43, 44, 45, 46, 47, 48, 49, 50, 51]",41,False,3.19316323419789e-05,-1.0151682295369775e-06,1.0982266857171959e-05,50.0
C3,327,327,238,89,729,0.72782874617737,0.24612202688728024,0.36785162287480677,cao2018,S09/060317n,all_channel,median,median__all_channel__C3,32,52,"[0, 1, 2, 3, 4, 5, 6, 7, 8, 9, 10, 11, 13, 15, 16, 18, 22, 23, 24, 29, 30, 32, 33, 34, 35, 36, 37, 38, 39, 40, 41, 42, 43, 44, 45, 46, 47, 48, 49, 50, 51]",41,False,2.708174599473504e-05,-7.218705131027941e-07,9.267872169279279e-06,50.0
C4,319,319,185,134,782,0.5799373040752351,0.19131334022750776,0.28771384136858474,cao2018,S09/060317n,all_channel,median,median__all_channel__C4,32,52,"[0, 1, 2, 3, 4, 5, 6, 7, 8, 9, 10, 11, 13, 15, 16, 18, 22, 23, 24, 29, 30, 32, 33, 34, 35, 36, 37, 38, 39, 40, 41, 42, 43, 44, 45, 46, 47, 48, 49, 50, 51]",41,False,3.0155240277755946e-05,-8.451146073105461e-07,1.0333451628355498e-05,50.0
CZ,225,225,153,72,814,0.68,0.15822130299896586,0.25671140939597314,cao2018,S09/060317n,all_channel,median,median__all_channel__CZ,32,52,"[0, 1, 2, 3, 4, 5, 6, 7, 8, 9, 10, 11, 13, 15, 16, 18, 22, 23, 24, 29, 30, 32, 33, 34, 35, 36, 37, 38, 39, 40, 41, 42, 43, 44, 45, 46, 47, 48, 49, 50, 51]",41,False,2.9568804525980672e-05,-6.913217135114537e-07,1.0086708746497375e-05,50.0
TP7,231,231,149,82,818,0.645021645021645,0.15408479834539815,0.24874791318864778,cao2018,S09/060317n,all_channel,median,median__all_channel__TP7,32,52,"[0, 1, 2, 3, 4, 5, 6, 7, 8, 9, 10, 11, 13, 15, 16, 18, 22, 23, 24, 29, 30, 32, 33, 34, 35, 36, 37, 38, 39, 40, 41, 42, 43, 44, 45, 46, 47, 48, 49, 50, 51]",41,False,1.753170491441733e-05,-3.168351541026003e-07,5.94951335617331e-06,50.0
T6,291,291,153,138,814,0.5257731958762887,0.15822130299896586,0.24324324324324323,cao2018,S09/060317n,all_channel,median,median__all_channel__T6,32,52,"[0, 1, 2, 3, 4, 5, 6, 7, 8, 9, 10, 11, 13, 15, 16, 18, 22, 23, 24, 29, 30, 32, 33, 34, 35, 36, 37, 38, 39, 40, 41, 42, 43, 44, 45, 46, 47, 48, 49, 50, 51]",41,False,1.8779828173433377e-05,-3.837336341582023e-07,6.38785393586386e-06,50.0
TP8,288,288,148,140,819,0.5138888888888888,0.15305067218200621,0.2358565737051793,cao2018,S09/060317n,all_channel,median,median__all_channel__TP8,32,52,"[0, 1, 2, 3, 4, 5, 6, 7, 8, 9, 10, 11, 13, 15, 16, 18, 22, 23, 24, 29, 30, 32, 33, 34, 35, 36, 37, 38, 39, 40, 41, 42, 43, 44, 45, 46, 47, 48, 49, 50, 51]",41,False,1.8785957451835945e-05,-3.711893019581211e-07,6.3857155845980225e-06,50.0
P3,175,175,115,60,852,0.6571428571428571,0.1189245087900724,0.20140105078809106,cao2018,S09/060317n,all_channel,median,median__all_channel__P3,32,52,"[0, 1, 2, 3, 4, 5, 6, 7, 8, 9, 10, 11, 13, 15, 16, 18, 22, 23, 24, 29, 30, 32, 33, 34, 35, 36, 37, 38, 39, 40, 41, 42, 43, 44, 45, 46, 47, 48, 49, 50, 51]",41,False,2.4174854606989884e-05,-4.954417839736521e-07,8.223432130321178e-06,50.0
CP4,225,225,115,110,852,0.5111111111111111,0.1189245087900724,0.1929530201342282,cao2018,S09/060317n,all_channel,median,median__all_channel__CP4,32,52,"[0, 1, 2, 3, 4, 5, 6, 7, 8, 9, 10, 11, 13, 15, 16, 18, 22, 23, 24, 29, 30, 32, 33, 34, 35, 36, 37, 38, 39, 40, 41, 42, 43, 44, 45, 46, 47, 48, 49, 50, 51]",41,False,2.696605511150915e-05,-6.533627236145717e-07,9.206472611707907e-06,50.0
CP3,170,170,109,61,858,0.6411764705882353,0.11271975180972078,0.1917326297273527,cao2018,S09/060317n,all_channel,median,median__all_channel__CP3,32,52,"[0, 1, 2, 3, 4, 5, 6, 7, 8, 9, 10, 11, 13, 15, 16, 18, 22, 23, 24, 29, 30, 32, 33, 34, 35, 36, 37, 38, 39, 40, 41, 42, 43, 44, 45, 46, 47, 48, 49, 50, 51]",41,False,2.4180674963526343e-05,-4.823210763416641e-07,8.220998679956003e-06,50.0
CPZ,158,158,91,67,876,0.5759493670886076,0.09410548086866598,0.16177777777777777,cao2018,S09/060317n,all_channel,median,median__all_channel__CPZ,32,52,"[0, 1, 2, 3, 4, 5, 6, 7, 8, 9, 10, 11, 13, 15, 16, 18, 22, 23, 24, 29, 30, 32, 33, 34, 35, 36, 37, 38, 39, 40, 41, 42, 43, 44, 45, 46, 47, 48, 49, 50, 51]",41,False,2.67163836872521e-05,-5.348317364044637e-07,9.083738474552187e-06,50.0
T5,161,161,90,71,877,0.5590062111801242,0.09307135470527404,0.15957446808510636,cao2018,S09/060317n,all_channel,median,median__all_channel__T5,32,52,"[0, 1, 2, 3, 4, 5, 6, 7, 8, 9, 10, 11, 13, 15, 16, 18, 22, 23, 24, 29, 30, 32, 33, 34, 35, 36, 37, 38, 39, 40, 41, 42, 43, 44, 45, 46, 47, 48, 49, 50, 51]",41,False,1.7322747755351678e-05,-2.3170176790709515e-07,5.851483174419591e-06,50.0
P4,169,169,84,85,883,0.4970414201183432,0.08686659772492245,0.14788732394366197,cao2018,S09/060317n,all_channel,median,median__all_channel__P4,32,52,"[0, 1, 2, 3, 4, 5, 6, 7, 8, 9, 10, 11, 13, 15, 16, 18, 22, 23, 24, 29, 30, 32, 33, 34, 35, 36, 37, 38, 39, 40, 41, 42, 43, 44, 45, 46, 47, 48, 49, 50, 51]",41,False,2.393043122455008e-05,-5.087614274023562e-07,8.146397550650812e-06,50.0
A2,200,200,77,123,890,0.385,0.0796277145811789,0.1319622964867181,cao2018,S09/060317n,all_channel,median,median__all_channel__A2,32,52,"[0, 1, 2, 3, 4, 5, 6, 7, 8, 9, 10, 11, 13, 15, 16, 18, 22, 23, 24, 29, 30, 32, 33, 34, 35, 36, 37, 38, 39, 40, 41, 42, 43, 44, 45, 46, 47, 48, 49, 50, 51]",41,False,7.779830385256361e-06,3.327757107197523e-08,2.5821842713947955e-06,50.0
A1,219,219,76,143,891,0.3470319634703196,0.07859358841778696,0.1281618887015177,cao2018,S09/060317n,all_channel,median,median__all_channel__A1,32,52,"[0, 1, 2, 3, 4, 5, 6, 7, 8, 9, 10, 11, 13, 15, 16, 18, 22, 23, 24, 29, 30, 32, 33, 34, 35, 36, 37, 38, 39, 40, 41, 42, 43, 44, 45, 46, 47, 48, 49, 50, 51]",41,False,7.713275243112411e-06,-3.327757107197523e-08,2.5821842713947955e-06,50.0
PZ,113,113,57,56,910,0.504424778761062,0.05894519131334023,0.10555555555555556,cao2018,S09/060317n,all_channel,median,median__all_channel__PZ,32,52,"[0, 1, 2, 3, 4, 5, 6, 7, 8, 9, 10, 11, 13, 15, 16, 18, 22, 23, 24, 29, 30, 32, 33, 34, 35, 36, 37, 38, 39, 40, 41, 42, 43, 44, 45, 46, 47, 48, 49, 50, 51]",41,False,2.4543303302306544e-05,-4.0878533930964536e-07,8.31736288053873e-06,50.0
O2,81,81,39,42,928,0.48148148148148145,0.04033092037228542,0.07442748091603053,cao2018,S09/060317n,all_channel,median,median__all_channel__O2,32,52,"[0, 1, 2, 3, 4, 5, 6, 7, 8, 9, 10, 11, 13, 15, 16, 18, 22, 23, 24, 29, 30, 32, 33, 34, 35, 36, 37, 38, 39, 40, 41, 42, 43, 44, 45, 46, 47, 48, 49, 50, 51]",41,False,1.6811309410403398e-05,-2.1559752538108364e-07,5.675635645261493e-06,50.0
OZ,78,78,34,44,933,0.4358974358974359,0.03516028955532575,0.06507177033492823,cao2018,S09/060317n,all_channel,median,median__all_channel__OZ,32,52,"[0, 1, 2, 3, 4, 5, 6, 7, 8, 9, 10, 11, 13, 15, 16, 18, 22, 23, 24, 29, 30, 32, 33, 34, 35, 36, 37, 38, 39, 40, 41, 42, 43, 44, 45, 46, 47, 48, 49, 50, 51]",41,False,1.5908447284795137e-05,-1.9330865394006873e-07,5.367251979578402e-06,50.0
O1,77,77,33,44,934,0.42857142857142855,0.03412616339193381,0.0632183908045977,cao2018,S09/060317n,all_channel,median,median__all_channel__O1,32,52,"[0, 1, 2, 3, 4, 5, 6, 7, 8, 9, 10, 11, 13, 15, 16, 18, 22, 23, 24, 29, 30, 32, 33, 34, 35, 36, 37, 38, 39, 40, 41, 42, 43, 44, 45, 46, 47, 48, 49, 50, 51]",41,False,1.5882583476938025e-05,-1.818572118157828e-07,5.354813562917936e-06,50.0
FP1,1079,1079,959,120,8,0.8887859128822985,0.9917269906928645,0.9374389051808406,cao2018,S09/060317n,all_channel,mean,mean__all_channel__FP1,32,52,"[0, 1, 2, 3, 4, 5, 6, 7, 8, 9, 10, 11, 13, 15, 16, 18, 22, 23, 24, 29, 30, 32, 33, 34, 35, 36, 37, 38, 39, 40, 41, 42, 43, 44, 45, 46, 47, 48, 49, 50, 51]",41,False,5.878876219790588e-05,-2.066642963576554e-09,1.9596942946956486e-05,50.0
FP2,1086,1086,961,125,6,0.8848987108655617,0.9937952430196484,0.9361909400876767,cao2018,S09/060317n,all_channel,mean,mean__all_channel__FP2,32,52,"[0, 1, 2, 3, 4, 5, 6, 7, 8, 9, 10, 11, 13, 15, 16, 18, 22, 23, 24, 29, 30, 32, 33, 34, 35, 36, 37, 38, 39, 40, 41, 42, 43, 44, 45, 46, 47, 48, 49, 50, 51]",41,False,5.417510886013046e-05,-8.204698463257285e-10,1.805864310999226e-05,50.0
FZ,784,784,713,71,254,0.9094387755102041,0.7373319544984488,0.8143917761279269,cao2018,S09/060317n,all_channel,mean,mean__all_channel__FZ,32,52,"[0, 1, 2, 3, 4, 5, 6, 7, 8, 9, 10, 11, 13, 15, 16, 18, 22, 23, 24, 29, 30, 32, 33, 34, 35, 36, 37, 38, 39, 40, 41, 42, 43, 44, 45, 46, 47, 48, 49, 50, 51]",41,False,3.633072911204973e-05,4.44930517280929e-09,1.2108759935625639e-05,50.0
F3,775,775,688,87,279,0.8877419354838709,0.7114788004136504,0.7898966704936854,cao2018,S09/060317n,all_channel,mean,mean__all_channel__F3,32,52,"[0, 1, 2, 3, 4, 5, 6, 7, 8, 9, 10, 11, 13, 15, 16, 18, 22, 23, 24, 29, 30, 32, 33, 34, 35, 36, 37, 38, 39, 40, 41, 42, 43, 44, 45, 46, 47, 48, 49, 50, 51]",41,False,3.4688588567685356e-05,6.974024372945921e-09,1.1560538181104138e-05,50.0
F8,837,837,690,147,277,0.8243727598566308,0.7135470527404343,0.7649667405764966,cao2018,S09/060317n,all_channel,mean,mean__all_channel__F8,32,52,"[0, 1, 2, 3, 4, 5, 6, 7, 8, 9, 10, 11, 13, 15, 16, 18, 22, 23, 24, 29, 30, 32, 33, 34, 35, 36, 37, 38, 39, 40, 41, 42, 43, 44, 45, 46, 47, 48, 49, 50, 51]",41,False,3.9860961594037437e-05,4.389567788758792e-10,1.3286840879086186e-05,50.0
F4,719,719,624,95,343,0.8678720445062587,0.6452947259565667,0.7402135231316725,cao2018,S09/060317n,all_channel,mean,mean__all_channel__F4,32,52,"[0, 1, 2, 3, 4, 5, 6, 7, 8, 9, 10, 11, 13, 15, 16, 18, 22, 23, 24, 29, 30, 32, 33, 34, 35, 36, 37, 38, 39, 40, 41, 42, 43, 44, 45, 46, 47, 48, 49, 50, 51]",41,False,3.664401583786175e-05,4.644586386813216e-09,1.2213123750491645e-05,50.0
F7,706,706,597,109,370,0.8456090651558074,0.6173733195449845,0.713687985654513,cao2018,S09/060317n,all_channel,mean,mean__all_channel__F7,32,52,"[0, 1, 2, 3, 4, 5, 6, 7, 8, 9, 10, 11, 13, 15, 16, 18, 22, 23, 24, 29, 30, 32, 33, 34, 35, 36, 37, 38, 39, 40, 41, 42, 43, 44, 45, 46, 47, 48, 49, 50, 51]",41,False,2.6187478223202373e-05,-1.1474352416290944e-09,8.729541886148001e-06,50.0
FT7,694,694,584,110,383,0.8414985590778098,0.6039296794208894,0.7031908488862132,cao2018,S09/060317n,all_channel,mean,mean__all_channel__FT7,32,52,"[0, 1, 2, 3, 4, 5, 6, 7, 8, 9, 10, 11, 13, 15, 16, 18, 22, 23, 24, 29, 30, 32, 33, 34, 35, 36, 37, 38, 39, 40, 41, 42, 43, 44, 45, 46, 47, 48, 49, 50, 51]",41,False,2.6123373934986593e-05,-1.6880831463438334e-09,8.708354006044312e-06,50.0
T3,670,670,558,112,409,0.8328358208955224,0.5770423991726991,0.681734880879658,cao2018,S09/060317n,all_channel,mean,mean__all_channel__T3,32,52,"[0, 1, 2, 3, 4, 5, 6, 7, 8, 9, 10, 11, 13, 15, 16, 18, 22, 23, 24, 29, 30, 32, 33, 34, 35, 36, 37, 38, 39, 40, 41, 42, 43, 44, 45, 46, 47, 48, 49, 50, 51]",41,False,2.5418249236365714e-05,-1.498572560908703e-09,8.473249269642206e-06,50.0
FC3,488,488,394,94,573,0.8073770491803278,0.4074457083764219,0.5415807560137458,cao2018,S09/060317n,all_channel,mean,mean__all_channel__FC3,32,52,"[0, 1, 2, 3, 4, 5, 6, 7, 8, 9, 10, 11, 13, 15, 16, 18, 22, 23, 24, 29, 30, 32, 33, 34, 35, 36, 37, 38, 39, 40, 41, 42, 43, 44, 45, 46, 47, 48, 49, 50, 51]",41,False,3.112025573868717e-05,9.107681734488454e-09,1.0370382685650894e-05,50.0
FT8,520,520,388,132,579,0.7461538461538462,0.4012409513960703,0.5218560860793543,cao2018,S09/060317n,all_channel,mean,mean__all_channel__FT8,32,52,"[0, 1, 2, 3, 4, 5, 6, 7, 8, 9, 10, 11, 13, 15, 16, 18, 22, 23, 24, 29, 30, 32, 33, 34, 35, 36, 37, 38, 39, 40, 41, 42, 43, 44, 45, 46, 47, 48, 49, 50, 51]",41,False,2.760437550190993e-05,8.163028027933159e-09,9.198737491293999e-06,50.0
T4,457,457,324,133,643,0.7089715536105032,0.33505687693898656,0.4550561797752809,cao2018,S09/060317n,all_channel,mean,mean__all_channel__T4,32,52,"[0, 1, 2, 3, 4, 5, 6, 7, 8, 9, 10, 11, 13, 15, 16, 18, 22, 23, 24, 29, 30, 32, 33, 34, 35, 36, 37, 38, 39, 40, 41, 42, 43, 44, 45, 46, 47, 48, 49, 50, 51]",41,False,2.6796612870420313e-05,6.829553417677358e-09,8.929927772334212e-06,50.0
FCZ,359,359,295,64,672,0.8217270194986073,0.3050672182006205,0.44494720965309204,cao2018,S09/060317n,all_channel,mean,mean__all_channel__FCZ,32,52,"[0, 1, 2, 3, 4, 5, 6, 7, 8, 9, 10, 11, 13, 15, 16, 18, 22, 23, 24, 29, 30, 32, 33, 34, 35, 36, 37, 38, 39, 40, 41, 42, 43, 44, 45, 46, 47, 48, 49, 50, 51]",41,False,3.2951019369995954e-05,4.21879848007508e-09,1.0982266857171959e-05,50.0
FC4,418,418,304,114,663,0.7272727272727273,0.31437435367114785,0.4389891696750902,cao2018,S09/060317n,all_channel,mean,mean__all_channel__FC4,32,52,"[0, 1, 2, 3, 4, 5, 6, 7, 8, 9, 10, 11, 13, 15, 16, 18, 22, 23, 24, 29, 30, 32, 33, 34, 35, 36, 37, 38, 39, 40, 41, 42, 43, 44, 45, 46, 47, 48, 49, 50, 51]",41,False,3.3714659523972594e-05,6.110170288365877e-09,1.1236183117894743e-05,50.0
C3,302,302,221,81,746,0.7317880794701986,0.22854188210961737,0.3483057525610717,cao2018,S09/060317n,all_channel,mean,mean__all_channel__C3,32,52,"[0, 1, 2, 3, 4, 5, 6, 7, 8, 9, 10, 11, 13, 15, 16, 18, 22, 23, 24, 29, 30, 32, 33, 34, 35, 36, 37, 38, 39, 40, 41, 42, 43, 44, 45, 46, 47, 48, 49, 50, 51]",41,False,2.7806675799168336e-05,3.0592913305020403e-09,9.267872169279279e-06,50.0
C4,301,301,175,126,792,0.5813953488372093,0.1809720785935884,0.27602523659305994,cao2018,S09/060317n,all_channel,mean,mean__all_channel__C4,32,52,"[0, 1, 2, 3, 4, 5, 6, 7, 8, 9, 10, 11, 13, 15, 16, 18, 22, 23, 24, 29, 30, 32, 33, 34, 35, 36, 37, 38, 39, 40, 41, 42, 43, 44, 45, 46, 47, 48, 49, 50, 51]",41,False,3.100583339570479e-05,5.478510638295313e-09,1.0333451628355498e-05,50.0
CZ,209,209,140,69,827,0.6698564593301436,0.14477766287487073,0.2380952380952381,cao2018,S09/060317n,all_channel,mean,mean__all_channel__CZ,32,52,"[0, 1, 2, 3, 4, 5, 6, 7, 8, 9, 10, 11, 13, 15, 16, 18, 22, 23, 24, 29, 30, 32, 33, 34, 35, 36, 37, 38, 39, 40, 41, 42, 43, 44, 45, 46, 47, 48, 49, 50, 51]",41,False,3.0262944570452717e-05,2.818330960594211e-09,1.0086708746497375e-05,50.0
TP7,219,219,140,79,827,0.639269406392694,0.14477766287487073,0.23608768971332209,cao2018,S09/060317n,all_channel,mean,mean__all_channel__TP7,32,52,"[0, 1, 2, 3, 4, 5, 6, 7, 8, 9, 10, 11, 13, 15, 16, 18, 22, 23, 24, 29, 30, 32, 33, 34, 35, 36, 37, 38, 39, 40, 41, 42, 43, 44, 45, 46, 47, 48, 49, 50, 51]",41,False,1.785108009721291e-05,2.540028692978613e-09,5.94951335617331e-06,50.0
T6,280,280,142,138,825,0.5071428571428571,0.1468459152016546,0.2277465918203689,cao2018,S09/060317n,all_channel,mean,mean__all_channel__T6,32,52,"[0, 1, 2, 3, 4, 5, 6, 7, 8, 9, 10, 11, 13, 15, 16, 18, 22, 23, 24, 29, 30, 32, 33, 34, 35, 36, 37, 38, 39, 40, 41, 42, 43, 44, 45, 46, 47, 48, 49, 50, 51]",41,False,1.9167380346983056e-05,3.818539391474587e-09,6.38785393586386e-06,50.0
TP8,280,280,138,142,829,0.4928571428571429,0.14270941054808686,0.22133119486768246,cao2018,S09/060317n,all_channel,mean,mean__all_channel__TP8,32,52,"[0, 1, 2, 3, 4, 5, 6, 7, 8, 9, 10, 11, 13, 15, 16, 18, 22, 23, 24, 29, 30, 32, 33, 34, 35, 36, 37, 38, 39, 40, 41, 42, 43, 44, 45, 46, 47, 48, 49, 50, 51]",41,False,1.9161167512949887e-05,4.020759155819196e-09,6.3857155845980225e-06,50.0
P3,159,159,102,57,865,0.6415094339622641,0.10548086866597725,0.1811722912966252,cao2018,S09/060317n,all_channel,mean,mean__all_channel__P3,32,52,"[0, 1, 2, 3, 4, 5, 6, 7, 8, 9, 10, 11, 13, 15, 16, 18, 22, 23, 24, 29, 30, 32, 33, 34, 35, 36, 37, 38, 39, 40, 41, 42, 43, 44, 45, 46, 47, 48, 49, 50, 51]",41,False,2.4669021106448404e-05,-1.2752845151329752e-09,8.223432130321178e-06,50.0
CP4,212,212,105,107,862,0.49528301886792453,0.10858324715615306,0.178117048346056,cao2018,S09/060317n,all_channel,mean,mean__all_channel__CP4,32,52,"[0, 1, 2, 3, 4, 5, 6, 7, 8, 9, 10, 11, 13, 15, 16, 18, 22, 23, 24, 29, 30, 32, 33, 34, 35, 36, 37, 38, 39, 40, 41, 42, 43, 44, 45, 46, 47, 48, 49, 50, 51]",41,False,2.7623167399504926e-05,3.749564381205427e-09,9.206472611707907e-06,50.0
CP3,156,156,98,58,869,0.6282051282051282,0.10134436401240951,0.17453250222617986,cao2018,S09/060317n,all_channel,mean,mean__all_channel__CP3,32,52,"[0, 1, 2, 3, 4, 5, 6, 7, 8, 9, 10, 11, 13, 15, 16, 18, 22, 23, 24, 29, 30, 32, 33, 34, 35, 36, 37, 38, 39, 40, 41, 42, 43, 44, 45, 46, 47, 48, 49, 50, 51]",41,False,2.4662007361295142e-05,-9.88678572865381e-10,8.220998679956003e-06,50.0
T5,159,159,86,73,881,0.5408805031446541,0.0889348500517063,0.152753108348135,cao2018,S09/060317n,all_channel,mean,mean__all_channel__T5,32,52,"[0, 1, 2, 3, 4, 5, 6, 7, 8, 9, 10, 11, 13, 15, 16, 18, 22, 23, 24, 29, 30, 32, 33, 34, 35, 36, 37, 38, 39, 40, 41, 42, 43, 44, 45, 46, 47, 48, 49, 50, 51]",41,False,1.7552871672660315e-05,-1.577850598457121e-09,5.851483174419591e-06,50.0
CPZ,146,146,82,64,885,0.5616438356164384,0.08479834539813857,0.14734950584007186,cao2018,S09/060317n,all_channel,mean,mean__all_channel__CPZ,32,52,"[0, 1, 2, 3, 4, 5, 6, 7, 8, 9, 10, 11, 13, 15, 16, 18, 22, 23, 24, 29, 30, 32, 33, 34, 35, 36, 37, 38, 39, 40, 41, 42, 43, 44, 45, 46, 47, 48, 49, 50, 51]",41,False,2.725238799141566e-05,1.1725677590983456e-09,9.083738474552187e-06,50.0
P4,148,148,79,69,888,0.5337837837837838,0.08169596690796277,0.14170403587443947,cao2018,S09/060317n,all_channel,mean,mean__all_channel__P4,32,52,"[0, 1, 2, 3, 4, 5, 6, 7, 8, 9, 10, 11, 13, 15, 16, 18, 22, 23, 24, 29, 30, 32, 33, 34, 35, 36, 37, 38, 39, 40, 41, 42, 43, 44, 45, 46, 47, 48, 49, 50, 51]",41,False,2.443971876631032e-05,5.261143578843999e-10,8.146397550650812e-06,50.0
A2,201,201,79,122,888,0.39303482587064675,0.08169596690796277,0.13527397260273974,cao2018,S09/060317n,all_channel,mean,mean__all_channel__A2,32,52,"[0, 1, 2, 3, 4, 5, 6, 7, 8, 9, 10, 11, 13, 15, 16, 18, 22, 23, 24, 29, 30, 32, 33, 34, 35, 36, 37, 38, 39, 40, 41, 42, 43, 44, 45, 46, 47, 48, 49, 50, 51]",41,False,7.748535797706337e-06,1.982983521951601e-09,2.5821842713947955e-06,50.0
A1,218,218,75,143,892,0.3440366972477064,0.07755946225439504,0.12658227848101267,cao2018,S09/060317n,all_channel,mean,mean__all_channel__A1,32,52,"[0, 1, 2, 3, 4, 5, 6, 7, 8, 9, 10, 11, 13, 15, 16, 18, 22, 23, 24, 29, 30, 32, 33, 34, 35, 36, 37, 38, 39, 40, 41, 42, 43, 44, 45, 46, 47, 48, 49, 50, 51]",41,False,7.744569830662435e-06,-1.982983521951601e-09,2.5821842713947955e-06,50.0
PZ,105,105,53,52,914,0.5047619047619047,0.05480868665977249,0.09888059701492538,cao2018,S09/060317n,all_channel,mean,mean__all_channel__PZ,32,52,"[0, 1, 2, 3, 4, 5, 6, 7, 8, 9, 10, 11, 13, 15, 16, 18, 22, 23, 24, 29, 30, 32, 33, 34, 35, 36, 37, 38, 39, 40, 41, 42, 43, 44, 45, 46, 47, 48, 49, 50, 51]",41,False,2.495074622679354e-05,-1.3424148226504098e-09,8.31736288053873e-06,50.0
O2,78,78,36,42,931,0.46153846153846156,0.03722854188210962,0.06889952153110049,cao2018,S09/060317n,all_channel,mean,mean__all_channel__O2,32,52,"[0, 1, 2, 3, 4, 5, 6, 7, 8, 9, 10, 11, 13, 15, 16, 18, 22, 23, 24, 29, 30, 32, 33, 34, 35, 36, 37, 38, 39, 40, 41, 42, 43, 44, 45, 46, 47, 48, 49, 50, 51]",41,False,1.7024931234047118e-05,-1.975701737364643e-09,5.675635645261493e-06,50.0
OZ,75,75,32,43,935,0.4266666666666667,0.033092037228541885,0.06142034548944339,cao2018,S09/060317n,all_channel,mean,mean__all_channel__OZ,32,52,"[0, 1, 2, 3, 4, 5, 6, 7, 8, 9, 10, 11, 13, 15, 16, 18, 22, 23, 24, 29, 30, 32, 33, 34, 35, 36, 37, 38, 39, 40, 41, 42, 43, 44, 45, 46, 47, 48, 49, 50, 51]",41,False,1.6098594365235266e-05,-3.1615734999395403e-09,5.367251979578402e-06,50.0
O1,73,73,31,42,936,0.4246575342465753,0.03205791106514995,0.05961538461538462,cao2018,S09/060317n,all_channel,mean,mean__all_channel__O1,32,52,"[0, 1, 2, 3, 4, 5, 6, 7, 8, 9, 10, 11, 13, 15, 16, 18, 22, 23, 24, 29, 30, 32, 33, 34, 35, 36, 37, 38, 39, 40, 41, 42, 43, 44, 45, 46, 47, 48, 49, 50, 51]",41,False,1.6061162592068387e-05,-3.27809668541854e-09,5.354813562917936e-06,50.0
FP1,1086,1086,961,125,6,0.8848987108655617,0.9937952430196484,0.9361909400876767,cao2018,S09/060317n,frontal,median,median__frontal__FP1,4,52,"[0, 1, 2, 3, 4, 5, 6, 7, 8, 9, 10, 15, 16, 18, 23, 24, 30, 32, 33, 34, 35, 36, 37, 38, 39, 40, 41, 42, 43, 44, 45, 46, 47, 48, 49, 50, 51]",37,False,5.647934548876766e-05,-6.020641477622861e-06,2.083332898879684e-05,50.0
FP2,1091,1091,961,130,6,0.8808432630614116,0.9937952430196484,0.9339164237123421,cao2018,S09/060317n,frontal,median,median__frontal__FP2,4,52,"[0, 1, 2, 3, 4, 5, 6, 7, 8, 9, 10, 15, 16, 18, 23, 24, 30, 32, 33, 34, 35, 36, 37, 38, 39, 40, 41, 42, 43, 44, 45, 46, 47, 48, 49, 50, 51]",37,False,5.2141325786654775e-05,-5.451317014246221e-06,1.9197547600300333e-05,50.0
F3,802,802,702,100,265,0.8753117206982544,0.7259565667011375,0.7936687394007914,cao2018,S09/060317n,frontal,median,median__frontal__F3,4,52,"[0, 1, 2, 3, 4, 5, 6, 7, 8, 9, 10, 15, 16, 18, 23, 24, 30, 32, 33, 34, 35, 36, 37, 38, 39, 40, 41, 42, 43, 44, 45, 46, 47, 48, 49, 50, 51]",37,False,3.357798369135824e-05,-1.7591649519998606e-06,1.1779049547786035e-05,50.0
F4,745,745,647,98,320,0.8684563758389262,0.6690796277145812,0.755841121495327,cao2018,S09/060317n,frontal,median,median__frontal__F4,4,52,"[0, 1, 2, 3, 4, 5, 6, 7, 8, 9, 10, 15, 16, 18, 23, 24, 30, 32, 33, 34, 35, 36, 37, 38, 39, 40, 41, 42, 43, 44, 45, 46, 47, 48, 49, 50, 51]",37,False,3.571035439228684e-05,-1.888335185012814e-06,1.2532896525766551e-05,50.0
FP1,1068,1068,959,109,8,0.8979400749063671,0.9917269906928645,0.9425061425061425,cao2018,S09/060317n,frontal,mean,mean__frontal__FP1,4,52,"[0, 1, 2, 3, 4, 5, 6, 7, 8, 9, 10, 15, 16, 18, 23, 24, 30, 32, 33, 34, 35, 36, 37, 38, 39, 40, 41, 42, 43, 44, 45, 46, 47, 48, 49, 50, 51]",37,False,6.24891751924504e-05,-1.0811773940122717e-08,2.083332898879684e-05,50.0
FP2,1073,1073,955,118,12,0.8900279589934762,0.9875904860392968,0.9362745098039216,cao2018,S09/060317n,frontal,mean,mean__frontal__FP2,4,52,"[0, 1, 2, 3, 4, 5, 6, 7, 8, 9, 10, 15, 16, 18, 23, 24, 30, 32, 33, 34, 35, 36, 37, 38, 39, 40, 41, 42, 43, 44, 45, 46, 47, 48, 49, 50, 51]",37,False,5.7587534022448674e-05,-5.108778452320026e-09,1.9197547600300333e-05,50.0
F3,750,750,669,81,298,0.892,0.6918304033092038,0.7792661619103088,cao2018,S09/060317n,frontal,mean,mean__frontal__F3,4,52,"[0, 1, 2, 3, 4, 5, 6, 7, 8, 9, 10, 15, 16, 18, 23, 24, 30, 32, 33, 34, 35, 36, 37, 38, 39, 40, 41, 42, 43, 44, 45, 46, 47, 48, 49, 50, 51]",37,False,3.5342459853472814e-05,5.311210114709267e-09,1.1779049547786035e-05,50.0
F4,705,705,612,93,355,0.8680851063829788,0.6328852119958635,0.7320574162679426,cao2018,S09/060317n,frontal,mean,mean__frontal__F4,4,52,"[0, 1, 2, 3, 4, 5, 6, 7, 8, 9, 10, 15, 16, 18, 23, 24, 30, 32, 33, 34, 35, 36, 37, 38, 39, 40, 41, 42, 43, 44, 45, 46, 47, 48, 49, 50, 51]",37,False,3.7602327198540394e-05,3.6376212407382263e-09,1.2532896525766551e-05,50.0
FP1,1086,1086,961,125,6,0.8848987108655617,0.9937952430196484,0.9361909400876767,cao2018,S09/060317n,frontal_left,median,median__frontal_left__FP1,2,52,"[0, 1, 2, 3, 4, 5, 6, 7, 8, 9, 10, 15, 16, 18, 23, 24, 30, 32, 33, 34, 35, 36, 37, 38, 39, 40, 41, 42, 43, 44, 45, 46, 47, 48, 49, 50, 51]",37,False,5.647934548876766e-05,-6.020641477622861e-06,2.083332898879684e-05,50.0
F3,802,802,702,100,265,0.8753117206982544,0.7259565667011375,0.7936687394007914,cao2018,S09/060317n,frontal_left,median,median__frontal_left__F3,2,52,"[0, 1, 2, 3, 4, 5, 6, 7, 8, 9, 10, 15, 16, 18, 23, 24, 30, 32, 33, 34, 35, 36, 37, 38, 39, 40, 41, 42, 43, 44, 45, 46, 47, 48, 49, 50, 51]",37,False,3.357798369135824e-05,-1.7591649519998606e-06,1.1779049547786035e-05,50.0
FP1,1068,1068,959,109,8,0.8979400749063671,0.9917269906928645,0.9425061425061425,cao2018,S09/060317n,frontal_left,mean,mean__frontal_left__FP1,2,52,"[0, 1, 2, 3, 4, 5, 6, 7, 8, 9, 10, 15, 16, 18, 23, 24, 30, 32, 33, 34, 35, 36, 37, 38, 39, 40, 41, 42, 43, 44, 45, 46, 47, 48, 49, 50, 51]",37,False,6.24891751924504e-05,-1.0811773940122717e-08,2.083332898879684e-05,50.0
F3,750,750,669,81,298,0.892,0.6918304033092038,0.7792661619103088,cao2018,S09/060317n,frontal_left,mean,mean__frontal_left__F3,2,52,"[0, 1, 2, 3, 4, 5, 6, 7, 8, 9, 10, 15, 16, 18, 23, 24, 30, 32, 33, 34, 35, 36, 37, 38, 39, 40, 41, 42, 43, 44, 45, 46, 47, 48, 49, 50, 51]",37,False,3.5342459853472814e-05,5.311210114709267e-09,1.1779049547786035e-05,50.0
FP2,1091,1091,961,130,6,0.8808432630614116,0.9937952430196484,0.9339164237123421,cao2018,S09/060317n,frontal_right,median,median__frontal_right__FP2,2,52,"[0, 1, 2, 3, 4, 5, 6, 7, 8, 9, 10, 15, 16, 18, 23, 24, 30, 32, 33, 34, 35, 36, 37, 38, 39, 40, 41, 42, 43, 44, 45, 46, 47, 48, 49, 50, 51]",37,False,5.2141325786654775e-05,-5.451317014246221e-06,1.9197547600300333e-05,50.0
F4,745,745,647,98,320,0.8684563758389262,0.6690796277145812,0.755841121495327,cao2018,S09/060317n,frontal_right,median,median__frontal_right__F4,2,52,"[0, 1, 2, 3, 4, 5, 6, 7, 8, 9, 10, 15, 16, 18, 23, 24, 30, 32, 33, 34, 35, 36, 37, 38, 39, 40, 41, 42, 43, 44, 45, 46, 47, 48, 49, 50, 51]",37,False,3.571035439228684e-05,-1.888335185012814e-06,1.2532896525766551e-05,50.0
FP2,1073,1073,955,118,12,0.8900279589934762,0.9875904860392968,0.9362745098039216,cao2018,S09/060317n,frontal_right,mean,mean__frontal_right__FP2,2,52,"[0, 1, 2, 3, 4, 5, 6, 7, 8, 9, 10, 15, 16, 18, 23, 24, 30, 32, 33, 34, 35, 36, 37, 38, 39, 40, 41, 42, 43, 44, 45, 46, 47, 48, 49, 50, 51]",37,False,5.7587534022448674e-05,-5.108778452320026e-09,1.9197547600300333e-05,50.0
F4,705,705,612,93,355,0.8680851063829788,0.6328852119958635,0.7320574162679426,cao2018,S09/060317n,frontal_right,mean,mean__frontal_right__F4,2,52,"[0, 1, 2, 3, 4, 5, 6, 7, 8, 9, 10, 15, 16, 18, 23, 24, 30, 32, 33, 34, 35, 36, 37, 38, 39, 40, 41, 42, 43, 44, 45, 46, 47, 48, 49, 50, 51]",37,False,3.7602327198540394e-05,3.6376212407382263e-09,1.2532896525766551e-05,50.0
FP1,1080,1080,945,135,5,0.875,0.9947368421052631,0.9310344827586207,cao2018,S09/060317n,all_channel,median,median__all_channel__FP1,32,43,"[0, 1, 2, 3, 4, 5, 6, 7, 8, 9, 11, 12, 13, 18, 20, 24, 25, 27, 28, 29, 30, 31, 32, 33, 34, 35, 36, 37, 38, 39, 40, 41, 42]",33,False,5.376919317069849e-05,-5.151906397006499e-06,1.964036652256833e-05,60.0
FP2,1099,1099,945,154,5,0.8598726114649682,0.9947368421052631,0.9224011713030746,cao2018,S09/060317n,all_channel,median,median__all_channel__FP2,32,43,"[0, 1, 2, 3, 4, 5, 6, 7, 8, 9, 11, 12, 13, 18, 20, 24, 25, 27, 28, 29, 30, 31, 32, 33, 34, 35, 36, 37, 38, 39, 40, 41, 42]",33,False,4.937790400380858e-05,-4.64060849988514e-06,1.8006170834564573e-05,60.0
FZ,817,817,733,84,217,0.8971848225214198,0.771578947368421,0.8296547821165817,cao2018,S09/060317n,all_channel,median,median__all_channel__FZ,32,43,"[0, 1, 2, 3, 4, 5, 6, 7, 8, 9, 11, 12, 13, 18, 20, 24, 25, 27, 28, 29, 30, 31, 32, 33, 34, 35, 36, 37, 38, 39, 40, 41, 42]",33,False,3.462145753568484e-05,-1.8281206268368855e-06,1.2149859387507243e-05,60.0
F3,796,796,695,101,255,0.8731155778894473,0.7315789473684211,0.7961053837342498,cao2018,S09/060317n,all_channel,median,median__all_channel__F3,32,43,"[0, 1, 2, 3, 4, 5, 6, 7, 8, 9, 11, 12, 13, 18, 20, 24, 25, 27, 28, 29, 30, 31, 32, 33, 34, 35, 36, 37, 38, 39, 40, 41, 42]",33,False,3.335540417791585e-05,-1.5934013485516904e-06,1.1649601842155847e-05,60.0
F8,877,877,715,162,235,0.8152793614595211,0.7526315789473684,0.7827038861521619,cao2018,S09/060317n,all_channel,median,median__all_channel__F8,32,43,"[0, 1, 2, 3, 4, 5, 6, 7, 8, 9, 11, 12, 13, 18, 20, 24, 25, 27, 28, 29, 30, 31, 32, 33, 34, 35, 36, 37, 38, 39, 40, 41, 42]",33,False,3.8011007606839847e-05,-1.766182157994786e-06,1.3259063254944878e-05,60.0
F4,755,755,650,105,300,0.8609271523178808,0.6842105263157895,0.7624633431085045,cao2018,S09/060317n,all_channel,median,median__all_channel__F4,32,43,"[0, 1, 2, 3, 4, 5, 6, 7, 8, 9, 11, 12, 13, 18, 20, 24, 25, 27, 28, 29, 30, 31, 32, 33, 34, 35, 36, 37, 38, 39, 40, 41, 42]",33,False,3.5023198980210916e-05,-1.693225530020709e-06,1.2238808170077208e-05,60.0
F7,723,723,607,116,343,0.8395573997233748,0.6389473684210526,0.7256425582785415,cao2018,S09/060317n,all_channel,median,median__all_channel__F7,32,43,"[0, 1, 2, 3, 4, 5, 6, 7, 8, 9, 11, 12, 13, 18, 20, 24, 25, 27, 28, 29, 30, 31, 32, 33, 34, 35, 36, 37, 38, 39, 40, 41, 42]",33,False,2.549851866935351e-05,-9.081611359198366e-07,8.802226601757782e-06,60.0
FT7,717,717,600,117,350,0.8368200836820083,0.631578947368421,0.719856028794241,cao2018,S09/060317n,all_channel,median,median__all_channel__FT7,32,43,"[0, 1, 2, 3, 4, 5, 6, 7, 8, 9, 11, 12, 13, 18, 20, 24, 25, 27, 28, 29, 30, 31, 32, 33, 34, 35, 36, 37, 38, 39, 40, 41, 42]",33,False,2.545290752236587e-05,-8.969679535992624e-07,8.78329182532171e-06,60.0
T3,685,685,570,115,380,0.8321167883211679,0.6,0.6972477064220184,cao2018,S09/060317n,all_channel,median,median__all_channel__T3,32,43,"[0, 1, 2, 3, 4, 5, 6, 7, 8, 9, 11, 12, 13, 18, 20, 24, 25, 27, 28, 29, 30, 31, 32, 33, 34, 35, 36, 37, 38, 39, 40, 41, 42]",33,False,2.4823038979536022e-05,-8.290881858566839e-07,8.550709055130902e-06,60.0
FC3,505,505,404,101,546,0.8,0.42526315789473684,0.5553264604810997,cao2018,S09/060317n,all_channel,median,median__all_channel__FC3,32,43,"[0, 1, 2, 3, 4, 5, 6, 7, 8, 9, 11, 12, 13, 18, 20, 24, 25, 27, 28, 29, 30, 31, 32, 33, 34, 35, 36, 37, 38, 39, 40, 41, 42]",33,False,3.029697479585344e-05,-1.0720819613181892e-06,1.0456352252390544e-05,60.0
FT8,531,531,394,137,556,0.7419962335216572,0.4147368421052632,0.5320729237002026,cao2018,S09/060317n,all_channel,median,median__all_channel__FT8,32,43,"[0, 1, 2, 3, 4, 5, 6, 7, 8, 9, 11, 12, 13, 18, 20, 24, 25, 27, 28, 29, 30, 31, 32, 33, 34, 35, 36, 37, 38, 39, 40, 41, 42]",33,False,2.7130361619948612e-05,-5.90843893937377e-07,9.240401837961997e-06,60.0
FC4,447,447,323,124,627,0.7225950782997763,0.34,0.46241947029348607,cao2018,S09/060317n,all_channel,median,median__all_channel__FC4,32,43,"[0, 1, 2, 3, 4, 5, 6, 7, 8, 9, 11, 12, 13, 18, 20, 24, 25, 27, 28, 29, 30, 31, 32, 33, 34, 35, 36, 37, 38, 39, 40, 41, 42]",33,False,3.2695202013494384e-05,-1.181191115112993e-06,1.1292131042869127e-05,60.0
T4,464,464,326,138,624,0.7025862068965517,0.3431578947368421,0.46110325318246115,cao2018,S09/060317n,all_channel,median,median__all_channel__T4,32,43,"[0, 1, 2, 3, 4, 5, 6, 7, 8, 9, 11, 12, 13, 18, 20, 24, 25, 27, 28, 29, 30, 31, 32, 33, 34, 35, 36, 37, 38, 39, 40, 41, 42]",33,False,2.6443172487629432e-05,-4.983864158551434e-07,8.980519634494858e-06,60.0
FCZ,383,383,306,77,644,0.7989556135770235,0.32210526315789473,0.4591147786946737,cao2018,S09/060317n,all_channel,median,median__all_channel__FCZ,32,43,"[0, 1, 2, 3, 4, 5, 6, 7, 8, 9, 11, 12, 13, 18, 20, 24, 25, 27, 28, 29, 30, 31, 32, 33, 34, 35, 36, 37, 38, 39, 40, 41, 42]",33,False,3.2120182300644806e-05,-1.0512794773944662e-06,1.105715392601309e-05,60.0
C3,313,313,228,85,722,0.7284345047923323,0.24,0.36104513064133015,cao2018,S09/060317n,all_channel,median,median__all_channel__C3,32,43,"[0, 1, 2, 3, 4, 5, 6, 7, 8, 9, 11, 12, 13, 18, 20, 24, 25, 27, 28, 29, 30, 31, 32, 33, 34, 35, 36, 37, 38, 39, 40, 41, 42]",33,False,2.732562127761996e-05,-7.447554385748992e-07,9.35679223873162e-06,60.0
C4,304,304,174,130,776,0.5723684210526315,0.1831578947368421,0.27751196172248804,cao2018,S09/060317n,all_channel,median,median__all_channel__C4,32,43,"[0, 1, 2, 3, 4, 5, 6, 7, 8, 9, 11, 12, 13, 18, 20, 24, 25, 27, 28, 29, 30, 31, 32, 33, 34, 35, 36, 37, 38, 39, 40, 41, 42]",33,False,3.0411148535232817e-05,-8.566747804989999e-07,1.0422607771910606e-05,60.0
CZ,214,214,144,70,806,0.6728971962616822,0.15157894736842106,0.24742268041237114,cao2018,S09/060317n,all_channel,median,median__all_channel__CZ,32,43,"[0, 1, 2, 3, 4, 5, 6, 7, 8, 9, 11, 12, 13, 18, 20, 24, 25, 27, 28, 29, 30, 31, 32, 33, 34, 35, 36, 37, 38, 39, 40, 41, 42]",33,False,2.9817049512407503e-05,-7.133766948480843e-07,1.0176808735751862e-05,60.0
TP7,223,223,142,81,808,0.6367713004484304,0.14947368421052631,0.2421142369991475,cao2018,S09/060317n,all_channel,median,median__all_channel__TP7,32,43,"[0, 1, 2, 3, 4, 5, 6, 7, 8, 9, 11, 12, 13, 18, 20, 24, 25, 27, 28, 29, 30, 31, 32, 33, 34, 35, 36, 37, 38, 39, 40, 41, 42]",33,False,1.7692382558017558e-05,-3.130053937407299e-07,6.001795983919429e-06,60.0
T6,283,283,146,137,804,0.5159010600706714,0.15368421052631578,0.23682076236820762,cao2018,S09/060317n,all_channel,median,median__all_channel__T6,32,43,"[0, 1, 2, 3, 4, 5, 6, 7, 8, 9, 11, 12, 13, 18, 20, 24, 25, 27, 28, 29, 30, 31, 32, 33, 34, 35, 36, 37, 38, 39, 40, 41, 42]",33,False,1.8942175621594652e-05,-3.869737432227774e-07,6.443049788272477e-06,60.0
TP8,277,277,138,139,812,0.4981949458483754,0.14526315789473684,0.22493887530562348,cao2018,S09/060317n,all_channel,median,median__all_channel__TP8,32,43,"[0, 1, 2, 3, 4, 5, 6, 7, 8, 9, 11, 12, 13, 18, 20, 24, 25, 27, 28, 29, 30, 31, 32, 33, 34, 35, 36, 37, 38, 39, 40, 41, 42]",33,False,1.893843292765158e-05,-3.714477388166372e-07,6.43662688882274e-06,60.0
P3,165,165,106,59,844,0.6424242424242425,0.11157894736842106,0.19013452914798207,cao2018,S09/060317n,all_channel,median,median__all_channel__P3,32,43,"[0, 1, 2, 3, 4, 5, 6, 7, 8, 9, 11, 12, 13, 18, 20, 24, 25, 27, 28, 29, 30, 31, 32, 33, 34, 35, 36, 37, 38, 39, 40, 41, 42]",33,False,2.4369257094756833e-05,-5.066715813162556e-07,8.291976225357697e-06,60.0
CP4,216,216,110,106,840,0.5092592592592593,0.11578947368421053,0.18867924528301885,cao2018,S09/060317n,all_channel,median,median__all_channel__CP4,32,43,"[0, 1, 2, 3, 4, 5, 6, 7, 8, 9, 11, 12, 13, 18, 20, 24, 25, 27, 28, 29, 30, 31, 32, 33, 34, 35, 36, 37, 38, 39, 40, 41, 42]",33,False,2.7178264538000175e-05,-6.731572108658892e-07,9.28380724962202e-06,60.0
CP3,161,161,99,62,851,0.6149068322981367,0.10421052631578948,0.17821782178217827,cao2018,S09/060317n,all_channel,median,median__all_channel__CP3,32,43,"[0, 1, 2, 3, 4, 5, 6, 7, 8, 9, 11, 12, 13, 18, 20, 24, 25, 27, 28, 29, 30, 31, 32, 33, 34, 35, 36, 37, 38, 39, 40, 41, 42]",33,False,2.4400070203514622e-05,-4.90696724478976e-07,8.2969223093312e-06,60.0
CPZ,151,151,85,66,865,0.5629139072847682,0.08947368421052632,0.15440508628519528,cao2018,S09/060317n,all_channel,median,median__all_channel__CPZ,32,43,"[0, 1, 2, 3, 4, 5, 6, 7, 8, 9, 11, 12, 13, 18, 20, 24, 25, 27, 28, 29, 30, 31, 32, 33, 34, 35, 36, 37, 38, 39, 40, 41, 42]",33,False,2.69216762925806e-05,-5.530902085770978e-07,9.1582555003859e-06,60.0
T5,154,154,82,72,868,0.5324675324675324,0.0863157894736842,0.14855072463768115,cao2018,S09/060317n,all_channel,median,median__all_channel__T5,32,43,"[0, 1, 2, 3, 4, 5, 6, 7, 8, 9, 11, 12, 13, 18, 20, 24, 25, 27, 28, 29, 30, 31, 32, 33, 34, 35, 36, 37, 38, 39, 40, 41, 42]",33,False,1.744404533701462e-05,-2.431227609050828e-07,5.895722699306568e-06,60.0
P4,157,157,81,76,869,0.5159235668789809,0.08526315789473685,0.14634146341463417,cao2018,S09/060317n,all_channel,median,median__all_channel__P4,32,43,"[0, 1, 2, 3, 4, 5, 6, 7, 8, 9, 11, 12, 13, 18, 20, 24, 25, 27, 28, 29, 30, 31, 32, 33, 34, 35, 36, 37, 38, 39, 40, 41, 42]",33,False,2.4105977371398258e-05,-5.183344363264204e-07,8.208103935908227e-06,60.0
A2,196,196,75,121,875,0.3826530612244898,0.07894736842105263,0.13089005235602094,cao2018,S09/060317n,all_channel,median,median__all_channel__A2,32,43,"[0, 1, 2, 3, 4, 5, 6, 7, 8, 9, 11, 12, 13, 18, 20, 24, 25, 27, 28, 29, 30, 31, 32, 33, 34, 35, 36, 37, 38, 39, 40, 41, 42]",33,False,7.82433292804808e-06,3.7524994892299604e-08,2.5956026443852603e-06,60.0
A1,214,214,75,139,875,0.35046728971962615,0.07894736842105263,0.12886597938144329,cao2018,S09/060317n,all_channel,median,median__all_channel__A1,32,43,"[0, 1, 2, 3, 4, 5, 6, 7, 8, 9, 11, 12, 13, 18, 20, 24, 25, 27, 28, 29, 30, 31, 32, 33, 34, 35, 36, 37, 38, 39, 40, 41, 42]",33,False,7.749282938263483e-06,-3.7524994892299604e-08,2.5956026443852603e-06,60.0
PZ,108,108,53,55,897,0.49074074074074076,0.05578947368421053,0.1001890359168242,cao2018,S09/060317n,all_channel,median,median__all_channel__PZ,32,43,"[0, 1, 2, 3, 4, 5, 6, 7, 8, 9, 11, 12, 13, 18, 20, 24, 25, 27, 28, 29, 30, 31, 32, 33, 34, 35, 36, 37, 38, 39, 40, 41, 42]",33,False,2.4693212549549957e-05,-4.0674570597467504e-07,8.366652751841544e-06,60.0
O2,80,80,37,43,913,0.4625,0.03894736842105263,0.07184466019417475,cao2018,S09/060317n,all_channel,median,median__all_channel__O2,32,43,"[0, 1, 2, 3, 4, 5, 6, 7, 8, 9, 11, 12, 13, 18, 20, 24, 25, 27, 28, 29, 30, 31, 32, 33, 34, 35, 36, 37, 38, 39, 40, 41, 42]",33,False,1.697088484145461e-05,-2.2050659788020953e-07,5.730463813111606e-06,60.0
OZ,76,76,31,45,919,0.40789473684210525,0.03263157894736842,0.06042884990253412,cao2018,S09/060317n,all_channel,median,median__all_channel__OZ,32,43,"[0, 1, 2, 3, 4, 5, 6, 7, 8, 9, 11, 12, 13, 18, 20, 24, 25, 27, 28, 29, 30, 31, 32, 33, 34, 35, 36, 37, 38, 39, 40, 41, 42]",33,False,1.6075254194378824e-05,-1.986341909694987e-07,5.424629461782774e-06,60.0
O1,72,72,29,43,921,0.4027777777777778,0.030526315789473683,0.056751467710371824,cao2018,S09/060317n,all_channel,median,median__all_channel__O1,32,43,"[0, 1, 2, 3, 4, 5, 6, 7, 8, 9, 11, 12, 13, 18, 20, 24, 25, 27, 28, 29, 30, 31, 32, 33, 34, 35, 36, 37, 38, 39, 40, 41, 42]",33,False,1.604257161153176e-05,-1.8871884074699506e-07,5.410430150759584e-06,60.0
FP1,1061,1061,941,120,9,0.8868991517436381,0.9905263157894737,0.9358528095474888,cao2018,S09/060317n,all_channel,mean,mean__all_channel__FP1,32,43,"[0, 1, 2, 3, 4, 5, 6, 7, 8, 9, 11, 12, 13, 18, 20, 24, 25, 27, 28, 29, 30, 31, 32, 33, 34, 35, 36, 37, 38, 39, 40, 41, 42]",33,False,5.8869075036911785e-05,-5.20245307932078e-08,1.964036652256833e-05,60.0
FP2,1066,1066,942,124,8,0.8836772983114447,0.991578947368421,0.9345238095238095,cao2018,S09/060317n,all_channel,mean,mean__all_channel__FP2,32,43,"[0, 1, 2, 3, 4, 5, 6, 7, 8, 9, 11, 12, 13, 18, 20, 24, 25, 27, 28, 29, 30, 31, 32, 33, 34, 35, 36, 37, 38, 39, 40, 41, 42]",33,False,5.397300608885676e-05,-4.5506414836965104e-08,1.8006170834564573e-05,60.0
FZ,767,767,698,69,252,0.910039113428944,0.7347368421052631,0.8130460104834013,cao2018,S09/060317n,all_channel,mean,mean__all_channel__FZ,32,43,"[0, 1, 2, 3, 4, 5, 6, 7, 8, 9, 11, 12, 13, 18, 20, 24, 25, 27, 28, 29, 30, 31, 32, 33, 34, 35, 36, 37, 38, 39, 40, 41, 42]",33,False,3.6430453616358975e-05,-1.912454616274865e-08,1.2149859387507243e-05,60.0
F3,756,756,669,87,281,0.8849206349206349,0.7042105263157895,0.7842907385697538,cao2018,S09/060317n,all_channel,mean,mean__all_channel__F3,32,43,"[0, 1, 2, 3, 4, 5, 6, 7, 8, 9, 11, 12, 13, 18, 20, 24, 25, 27, 28, 29, 30, 31, 32, 33, 34, 35, 36, 37, 38, 39, 40, 41, 42]",33,False,3.4917894981994125e-05,-3.091054447341336e-08,1.1649601842155847e-05,60.0
F8,825,825,678,147,272,0.8218181818181818,0.7136842105263158,0.7639436619718311,cao2018,S09/060317n,all_channel,mean,mean__all_channel__F8,32,43,"[0, 1, 2, 3, 4, 5, 6, 7, 8, 9, 11, 12, 13, 18, 20, 24, 25, 27, 28, 29, 30, 31, 32, 33, 34, 35, 36, 37, 38, 39, 40, 41, 42]",33,False,3.97793490315715e-05,2.1592667368700884e-09,1.3259063254944878e-05,60.0
F4,706,706,611,95,339,0.8654390934844193,0.6431578947368422,0.7379227053140096,cao2018,S09/060317n,all_channel,mean,mean__all_channel__F4,32,43,"[0, 1, 2, 3, 4, 5, 6, 7, 8, 9, 11, 12, 13, 18, 20, 24, 25, 27, 28, 29, 30, 31, 32, 33, 34, 35, 36, 37, 38, 39, 40, 41, 42]",33,False,3.670298018761691e-05,-1.3444322614710433e-08,1.2238808170077208e-05,60.0
F7,686,686,582,104,368,0.8483965014577259,0.6126315789473684,0.7114914425427873,cao2018,S09/060317n,all_channel,mean,mean__all_channel__F7,32,43,"[0, 1, 2, 3, 4, 5, 6, 7, 8, 9, 11, 12, 13, 18, 20, 24, 25, 27, 28, 29, 30, 31, 32, 33, 34, 35, 36, 37, 38, 39, 40, 41, 42]",33,False,2.6406872596477135e-05,1.9279120378869197e-10,8.802226601757782e-06,60.0
FT7,671,671,563,108,387,0.8390461997019374,0.5926315789473684,0.6946329426280075,cao2018,S09/060317n,all_channel,mean,mean__all_channel__FT7,32,43,"[0, 1, 2, 3, 4, 5, 6, 7, 8, 9, 11, 12, 13, 18, 20, 24, 25, 27, 28, 29, 30, 31, 32, 33, 34, 35, 36, 37, 38, 39, 40, 41, 42]",33,False,2.6349935683742456e-05,6.020777732516228e-11,8.78329182532171e-06,60.0
T3,653,653,542,111,408,0.8300153139356815,0.5705263157894737,0.6762320648783531,cao2018,S09/060317n,all_channel,mean,mean__all_channel__T3,32,43,"[0, 1, 2, 3, 4, 5, 6, 7, 8, 9, 11, 12, 13, 18, 20, 24, 25, 27, 28, 29, 30, 31, 32, 33, 34, 35, 36, 37, 38, 39, 40, 41, 42]",33,False,2.565338589116397e-05,1.258725771263666e-09,8.550709055130902e-06,60.0
FC3,472,472,381,91,569,0.8072033898305084,0.4010526315789474,0.5358649789029536,cao2018,S09/060317n,all_channel,mean,mean__all_channel__FC3,32,43,"[0, 1, 2, 3, 4, 5, 6, 7, 8, 9, 11, 12, 13, 18, 20, 24, 25, 27, 28, 29, 30, 31, 32, 33, 34, 35, 36, 37, 38, 39, 40, 41, 42]",33,False,3.134288586728986e-05,-2.6170889881769144e-08,1.0456352252390544e-05,60.0
FT8,505,505,376,129,574,0.7445544554455445,0.3957894736842105,0.5168384879725086,cao2018,S09/060317n,all_channel,mean,mean__all_channel__FT8,32,43,"[0, 1, 2, 3, 4, 5, 6, 7, 8, 9, 11, 12, 13, 18, 20, 24, 25, 27, 28, 29, 30, 31, 32, 33, 34, 35, 36, 37, 38, 39, 40, 41, 42]",33,False,2.773304233241673e-05,1.1836818530740317e-08,9.240401837961997e-06,60.0
T4,441,441,311,130,639,0.7052154195011338,0.3273684210526316,0.44716031631919484,cao2018,S09/060317n,all_channel,mean,mean__all_channel__T4,32,43,"[0, 1, 2, 3, 4, 5, 6, 7, 8, 9, 11, 12, 13, 18, 20, 24, 25, 27, 28, 29, 30, 31, 32, 33, 34, 35, 36, 37, 38, 39, 40, 41, 42]",33,False,2.6953217664327098e-05,1.1658760842523714e-08,8.980519634494858e-06,60.0
FCZ,347,347,284,63,666,0.8184438040345822,0.29894736842105263,0.43793369313801084,cao2018,S09/060317n,all_channel,mean,mean__all_channel__FCZ,32,43,"[0, 1, 2, 3, 4, 5, 6, 7, 8, 9, 11, 12, 13, 18, 20, 24, 25, 27, 28, 29, 30, 31, 32, 33, 34, 35, 36, 37, 38, 39, 40, 41, 42]",33,False,3.3158349706957995e-05,-1.3112071081281028e-08,1.105715392601309e-05,60.0
FC4,402,402,288,114,662,0.7164179104477612,0.3031578947368421,0.4260355029585799,cao2018,S09/060317n,all_channel,mean,mean__all_channel__FC4,32,43,"[0, 1, 2, 3, 4, 5, 6, 7, 8, 9, 11, 12, 13, 18, 20, 24, 25, 27, 28, 29, 30, 31, 32, 33, 34, 35, 36, 37, 38, 39, 40, 41, 42]",33,False,3.3867214394920355e-05,-9.17873368702462e-09,1.1292131042869127e-05,60.0
C3,289,289,210,79,740,0.726643598615917,0.22105263157894736,0.3389830508474576,cao2018,S09/060317n,all_channel,mean,mean__all_channel__C3,32,43,"[0, 1, 2, 3, 4, 5, 6, 7, 8, 9, 11, 12, 13, 18, 20, 24, 25, 27, 28, 29, 30, 31, 32, 33, 34, 35, 36, 37, 38, 39, 40, 41, 42]",33,False,2.8056942688130577e-05,-1.3434028064282727e-08,9.35679223873162e-06,60.0
C4,286,286,163,123,787,0.5699300699300699,0.17157894736842105,0.26375404530744334,cao2018,S09/060317n,all_channel,mean,mean__all_channel__C4,32,43,"[0, 1, 2, 3, 4, 5, 6, 7, 8, 9, 11, 12, 13, 18, 20, 24, 25, 27, 28, 29, 30, 31, 32, 33, 34, 35, 36, 37, 38, 39, 40, 41, 42]",33,False,3.125954064987084e-05,-8.282665860979376e-09,1.0422607771910606e-05,60.0
TP7,215,215,134,81,816,0.6232558139534884,0.14105263157894737,0.2300429184549356,cao2018,S09/060317n,all_channel,mean,mean__all_channel__TP7,32,43,"[0, 1, 2, 3, 4, 5, 6, 7, 8, 9, 11, 12, 13, 18, 20, 24, 25, 27, 28, 29, 30, 31, 32, 33, 34, 35, 36, 37, 38, 39, 40, 41, 42]",33,False,1.7997659510195954e-05,-7.728441562334018e-09,6.001795983919429e-06,60.0
CZ,197,197,130,67,820,0.6598984771573604,0.1368421052631579,0.22667829119442023,cao2018,S09/060317n,all_channel,mean,mean__all_channel__CZ,32,43,"[0, 1, 2, 3, 4, 5, 6, 7, 8, 9, 11, 12, 13, 18, 20, 24, 25, 27, 28, 29, 30, 31, 32, 33, 34, 35, 36, 37, 38, 39, 40, 41, 42]",33,False,3.052105023045889e-05,-9.375976796693997e-09,1.0176808735751862e-05,60.0
T6,274,274,137,137,813,0.5,0.14421052631578948,0.2238562091503268,cao2018,S09/060317n,all_channel,mean,mean__all_channel__T6,32,43,"[0, 1, 2, 3, 4, 5, 6, 7, 8, 9, 11, 12, 13, 18, 20, 24, 25, 27, 28, 29, 30, 31, 32, 33, 34, 35, 36, 37, 38, 39, 40, 41, 42]",33,False,1.93367416528085e-05,7.592287991067634e-09,6.443049788272477e-06,60.0
TP8,273,273,130,143,820,0.47619047619047616,0.1368421052631579,0.21259198691741618,cao2018,S09/060317n,all_channel,mean,mean__all_channel__TP8,32,43,"[0, 1, 2, 3, 4, 5, 6, 7, 8, 9, 11, 12, 13, 18, 20, 24, 25, 27, 28, 29, 30, 31, 32, 33, 34, 35, 36, 37, 38, 39, 40, 41, 42]",33,False,1.9318279278268382e-05,8.398611800165082e-09,6.43662688882274e-06,60.0
CP4,205,205,102,103,848,0.4975609756097561,0.10736842105263159,0.17662337662337663,cao2018,S09/060317n,all_channel,mean,mean__all_channel__CP4,32,43,"[0, 1, 2, 3, 4, 5, 6, 7, 8, 9, 11, 12, 13, 18, 20, 24, 25, 27, 28, 29, 30, 31, 32, 33, 34, 35, 36, 37, 38, 39, 40, 41, 42]",33,False,2.784460765567567e-05,-6.814093190395971e-09,9.28380724962202e-06,60.0
P3,146,146,91,55,859,0.6232876712328768,0.09578947368421052,0.16605839416058393,cao2018,S09/060317n,all_channel,mean,mean__all_channel__P3,32,43,"[0, 1, 2, 3, 4, 5, 6, 7, 8, 9, 11, 12, 13, 18, 20, 24, 25, 27, 28, 29, 30, 31, 32, 33, 34, 35, 36, 37, 38, 39, 40, 41, 42]",33,False,2.4864212431835937e-05,-1.1716244237150224e-08,8.291976225357697e-06,60.0
CP3,143,143,87,56,863,0.6083916083916084,0.09157894736842105,0.15919487648673375,cao2018,S09/060317n,all_channel,mean,mean__all_channel__CP3,32,43,"[0, 1, 2, 3, 4, 5, 6, 7, 8, 9, 11, 12, 13, 18, 20, 24, 25, 27, 28, 29, 30, 31, 32, 33, 34, 35, 36, 37, 38, 39, 40, 41, 42]",33,False,2.4879101316045495e-05,-1.1665611948104315e-08,8.2969223093312e-06,60.0
T5,154,154,81,73,869,0.525974025974026,0.08526315789473685,0.14673913043478262,cao2018,S09/060317n,all_channel,mean,mean__all_channel__T5,32,43,"[0, 1, 2, 3, 4, 5, 6, 7, 8, 9, 11, 12, 13, 18, 20, 24, 25, 27, 28, 29, 30, 31, 32, 33, 34, 35, 36, 37, 38, 39, 40, 41, 42]",33,False,1.76767213200774e-05,-1.0446777842302254e-08,5.895722699306568e-06,60.0
P4,145,145,76,69,874,0.5241379310344828,0.08,0.13881278538812786,cao2018,S09/060317n,all_channel,mean,mean__all_channel__P4,32,43,"[0, 1, 2, 3, 4, 5, 6, 7, 8, 9, 11, 12, 13, 18, 20, 24, 25, 27, 28, 29, 30, 31, 32, 33, 34, 35, 36, 37, 38, 39, 40, 41, 42]",33,False,2.461396915159551e-05,-1.034265612916967e-08,8.208103935908227e-06,60.0
CPZ,140,140,75,65,875,0.5357142857142857,0.07894736842105263,0.13761467889908255,cao2018,S09/060317n,all_channel,mean,mean__all_channel__CPZ,32,43,"[0, 1, 2, 3, 4, 5, 6, 7, 8, 9, 11, 12, 13, 18, 20, 24, 25, 27, 28, 29, 30, 31, 32, 33, 34, 35, 36, 37, 38, 39, 40, 41, 42]",33,False,2.746580272818602e-05,-8.963772971676431e-09,9.1582555003859e-06,60.0
A2,198,198,75,123,875,0.3787878787878788,0.07894736842105263,0.13066202090592333,cao2018,S09/060317n,all_channel,mean,mean__all_channel__A2,32,43,"[0, 1, 2, 3, 4, 5, 6, 7, 8, 9, 11, 12, 13, 18, 20, 24, 25, 27, 28, 29, 30, 31, 32, 33, 34, 35, 36, 37, 38, 39, 40, 41, 42]",33,False,7.789345178222601e-06,2.5372450668205773e-09,2.5956026443852603e-06,60.0
A1,211,211,73,138,877,0.3459715639810427,0.07684210526315789,0.12575366063738158,cao2018,S09/060317n,all_channel,mean,mean__all_channel__A1,32,43,"[0, 1, 2, 3, 4, 5, 6, 7, 8, 9, 11, 12, 13, 18, 20, 24, 25, 27, 28, 29, 30, 31, 32, 33, 34, 35, 36, 37, 38, 39, 40, 41, 42]",33,False,7.784270688088962e-06,-2.5372450668205773e-09,2.5956026443852603e-06,60.0
PZ,99,99,49,50,901,0.494949494949495,0.05157894736842105,0.09342230695900859,cao2018,S09/060317n,all_channel,mean,mean__all_channel__PZ,32,43,"[0, 1, 2, 3, 4, 5, 6, 7, 8, 9, 11, 12, 13, 18, 20, 24, 25, 27, 28, 29, 30, 31, 32, 33, 34, 35, 36, 37, 38, 39, 40, 41, 42]",33,False,2.5089304488530672e-05,-1.0653766993958249e-08,8.366652751841544e-06,60.0
O2,74,74,33,41,917,0.44594594594594594,0.034736842105263156,0.064453125,cao2018,S09/060317n,all_channel,mean,mean__all_channel__O2,32,43,"[0, 1, 2, 3, 4, 5, 6, 7, 8, 9, 11, 12, 13, 18, 20, 24, 25, 27, 28, 29, 30, 31, 32, 33, 34, 35, 36, 37, 38, 39, 40, 41, 42]",33,False,1.718089061161153e-05,-1.0500827723290298e-08,5.730463813111606e-06,60.0
OZ,71,71,29,42,921,0.4084507042253521,0.030526315789473683,0.05680705190989226,cao2018,S09/060317n,all_channel,mean,mean__all_channel__OZ,32,43,"[0, 1, 2, 3, 4, 5, 6, 7, 8, 9, 11, 12, 13, 18, 20, 24, 25, 27, 28, 29, 30, 31, 32, 33, 34, 35, 36, 37, 38, 39, 40, 41, 42]",33,False,1.6261214407748536e-05,-1.2673977599786552e-08,5.424629461782774e-06,60.0
O1,69,69,28,41,922,0.4057971014492754,0.029473684210526315,0.054955839057899906,cao2018,S09/060317n,all_channel,mean,mean__all_channel__O1,32,43,"[0, 1, 2, 3, 4, 5, 6, 7, 8, 9, 11, 12, 13, 18, 20, 24, 25, 27, 28, 29, 30, 31, 32, 33, 34, 35, 36, 37, 38, 39, 40, 41, 42]",33,False,1.6218739151299523e-05,-1.2551300979230124e-08,5.410430150759584e-06,60.0
FP1,1060,1060,941,119,9,0.8877358490566037,0.9905263157894737,0.9363184079601989,cao2018,S09/060317n,frontal,median,median__frontal__FP1,4,43,"[0, 1, 2, 3, 4, 5, 6, 7, 8, 13, 20, 25, 27, 28, 29, 30, 31, 32, 33, 34, 35, 36, 37, 38, 39, 40, 41, 42]",28,False,5.852560820761051e-05,-6.83935572647167e-06,2.1788321311360726e-05,60.0
FP2,1066,1066,942,124,8,0.8836772983114447,0.991578947368421,0.9345238095238095,cao2018,S09/060317n,frontal,median,median__frontal__FP2,4,43,"[0, 1, 2, 3, 4, 5, 6, 7, 8, 13, 20, 25, 27, 28, 29, 30, 31, 32, 33, 34, 35, 36, 37, 38, 39, 40, 41, 42]",28,False,5.376450433982389e-05,-6.1534648122081646e-06,1.9972656384010683e-05,60.0
F3,771,771,680,91,270,0.8819714656290532,0.7157894736842105,0.790238233585125,cao2018,S09/060317n,frontal,median,median__frontal__F3,4,43,"[0, 1, 2, 3, 4, 5, 6, 7, 8, 13, 20, 25, 27, 28, 29, 30, 31, 32, 33, 34, 35, 36, 37, 38, 39, 40, 41, 42]",28,False,3.442854300581859e-05,-1.9603008558857677e-06,1.212961462056812e-05,60.0
F4,712,712,616,96,334,0.8651685393258427,0.6484210526315789,0.7412755716004813,cao2018,S09/060317n,frontal,median,median__frontal__F4,4,43,"[0, 1, 2, 3, 4, 5, 6, 7, 8, 13, 20, 25, 27, 28, 29, 30, 31, 32, 33, 34, 35, 36, 37, 38, 39, 40, 41, 42]",28,False,3.654851054690547e-05,-2.1031096461310266e-06,1.2883873397678831e-05,60.0
FP1,1045,1045,940,105,10,0.8995215311004785,0.9894736842105263,0.9423558897243107,cao2018,S09/060317n,frontal,mean,mean__frontal__FP1,4,43,"[0, 1, 2, 3, 4, 5, 6, 7, 8, 13, 20, 25, 27, 28, 29, 30, 31, 32, 33, 34, 35, 36, 37, 38, 39, 40, 41, 42]",28,False,6.529743254046272e-05,-6.753139361945298e-08,2.1788321311360726e-05,60.0
FP2,1045,1045,936,109,14,0.8956937799043062,0.9852631578947368,0.938345864661654,cao2018,S09/060317n,frontal,mean,mean__frontal__FP2,4,43,"[0, 1, 2, 3, 4, 5, 6, 7, 8, 13, 20, 25, 27, 28, 29, 30, 31, 32, 33, 34, 35, 36, 37, 38, 39, 40, 41, 42]",28,False,5.986305938629871e-05,-5.4909765733348375e-08,1.9972656384010683e-05,60.0
F3,706,706,628,78,322,0.8895184135977338,0.6610526315789473,0.7584541062801933,cao2018,S09/060317n,frontal,mean,mean__frontal__F3,4,43,"[0, 1, 2, 3, 4, 5, 6, 7, 8, 13, 20, 25, 27, 28, 29, 30, 31, 32, 33, 34, 35, 36, 37, 38, 39, 40, 41, 42]",28,False,3.634602194726981e-05,-4.282191443454861e-08,1.212961462056812e-05,60.0
F4,647,647,560,87,390,0.865533230293663,0.5894736842105263,0.7013149655604258,cao2018,S09/060317n,frontal,mean,mean__frontal__F4,4,43,"[0, 1, 2, 3, 4, 5, 6, 7, 8, 13, 20, 25, 27, 28, 29, 30, 31, 32, 33, 34, 35, 36, 37, 38, 39, 40, 41, 42]",28,False,3.863331642338085e-05,-1.8303769655641084e-08,1.2883873397678831e-05,60.0
FP1,1060,1060,941,119,9,0.8877358490566037,0.9905263157894737,0.9363184079601989,cao2018,S09/060317n,frontal_left,median,median__frontal_left__FP1,2,43,"[0, 1, 2, 3, 4, 5, 6, 7, 8, 13, 20, 25, 27, 28, 29, 30, 31, 32, 33, 34, 35, 36, 37, 38, 39, 40, 41, 42]",28,False,5.852560820761051e-05,-6.83935572647167e-06,2.1788321311360726e-05,60.0
F3,771,771,680,91,270,0.8819714656290532,0.7157894736842105,0.790238233585125,cao2018,S09/060317n,frontal_left,median,median__frontal_left__F3,2,43,"[0, 1, 2, 3, 4, 5, 6, 7, 8, 13, 20, 25, 27, 28, 29, 30, 31, 32, 33, 34, 35, 36, 37, 38, 39, 40, 41, 42]",28,False,3.442854300581859e-05,-1.9603008558857677e-06,1.212961462056812e-05,60.0
FP1,1045,1045,940,105,10,0.8995215311004785,0.9894736842105263,0.9423558897243107,cao2018,S09/060317n,frontal_left,mean,mean__frontal_left__FP1,2,43,"[0, 1, 2, 3, 4, 5, 6, 7, 8, 13, 20, 25, 27, 28, 29, 30, 31, 32, 33, 34, 35, 36, 37, 38, 39, 40, 41, 42]",28,False,6.529743254046272e-05,-6.753139361945298e-08,2.1788321311360726e-05,60.0
F3,706,706,628,78,322,0.8895184135977338,0.6610526315789473,0.7584541062801933,cao2018,S09/060317n,frontal_left,mean,mean__frontal_left__F3,2,43,"[0, 1, 2, 3, 4, 5, 6, 7, 8, 13, 20, 25, 27, 28, 29, 30, 31, 32, 33, 34, 35, 36, 37, 38, 39, 40, 41, 42]",28,False,3.634602194726981e-05,-4.282191443454861e-08,1.212961462056812e-05,60.0
FP2,1066,1066,942,124,8,0.8836772983114447,0.991578947368421,0.9345238095238095,cao2018,S09/060317n,frontal_right,median,median__frontal_right__FP2,2,43,"[0, 1, 2, 3, 4, 5, 6, 7, 8, 13, 20, 25, 27, 28, 29, 30, 31, 32, 33, 34, 35, 36, 37, 38, 39, 40, 41, 42]",28,False,5.376450433982389e-05,-6.1534648122081646e-06,1.9972656384010683e-05,60.0
F4,712,712,616,96,334,0.8651685393258427,0.6484210526315789,0.7412755716004813,cao2018,S09/060317n,frontal_right,median,median__frontal_right__F4,2,43,"[0, 1, 2, 3, 4, 5, 6, 7, 8, 13, 20, 25, 27, 28, 29, 30, 31, 32, 33, 34, 35, 36, 37, 38, 39, 40, 41, 42]",28,False,3.654851054690547e-05,-2.1031096461310266e-06,1.2883873397678831e-05,60.0
FP2,1045,1045,936,109,14,0.8956937799043062,0.9852631578947368,0.938345864661654,cao2018,S09/060317n,frontal_right,mean,mean__frontal_right__FP2,2,43,"[0, 1, 2, 3, 4, 5, 6, 7, 8, 13, 20, 25, 27, 28, 29, 30, 31, 32, 33, 34, 35, 36, 37, 38, 39, 40, 41, 42]",28,False,5.986305938629871e-05,-5.4909765733348375e-08,1.9972656384010683e-05,60.0
F4,647,647,560,87,390,0.865533230293663,0.5894736842105263,0.7013149655604258,cao2018,S09/060317n,frontal_right,mean,mean__frontal_right__F4,2,43,"[0, 1, 2, 3, 4, 5, 6, 7, 8, 13, 20, 25, 27, 28, 29, 30, 31, 32, 33, 34, 35, 36, 37, 38, 39, 40, 41, 42]",28,False,3.863331642338085e-05,-1.8303769655641084e-08,1.2883873397678831e-05,60.0
FP1,1020,1020,898,122,6,0.8803921568627451,0.9933628318584071,0.9334719334719336,cao2018,S09/060317n,all_channel,median,median__all_channel__FP1,32,21,"[0, 1, 2, 3, 6, 10, 13, 14, 15, 16, 17, 18, 19, 20]",14,False,5.650733603771535e-05,-6.1514937253092436e-06,2.0886276587674862e-05,120.0
FP2,1028,1028,898,130,6,0.8735408560311284,0.9933628318584071,0.9296066252587991,cao2018,S09/060317n,all_channel,median,median__all_channel__FP2,32,21,"[0, 1, 2, 3, 6, 10, 13, 14, 15, 16, 17, 18, 19, 20]",14,False,5.1949982754549695e-05,-5.541315251585357e-06,1.9163766002045017e-05,120.0
FZ,777,777,696,81,208,0.8957528957528957,0.7699115044247787,0.8280785246876857,cao2018,S09/060317n,all_channel,median,median__all_channel__FZ,32,21,"[0, 1, 2, 3, 6, 10, 13, 14, 15, 16, 17, 18, 19, 20]",14,False,3.475052740859486e-05,-2.0819436916479604e-06,1.2277490366747607e-05,120.0
F3,750,750,654,96,250,0.872,0.7234513274336283,0.7908101571946795,cao2018,S09/060317n,all_channel,median,median__all_channel__F3,32,21,"[0, 1, 2, 3, 6, 10, 13, 14, 15, 16, 17, 18, 19, 20]",14,False,3.381408020511494e-05,-1.8202407382089386e-06,1.1878106981107958e-05,120.0
F8,794,794,652,142,252,0.8211586901763224,0.7212389380530974,0.7679623085983509,cao2018,S09/060317n,all_channel,median,median__all_channel__F8,32,21,"[0, 1, 2, 3, 6, 10, 13, 14, 15, 16, 17, 18, 19, 20]",14,False,3.9612673848264195e-05,-2.0476777312346808e-06,1.388678385983296e-05,120.0
F4,709,709,613,96,291,0.8645980253878702,0.6780973451327433,0.7600743955362679,cao2018,S09/060317n,all_channel,median,median__all_channel__F4,32,21,"[0, 1, 2, 3, 6, 10, 13, 14, 15, 16, 17, 18, 19, 20]",14,False,3.549868814377945e-05,-1.9231255750469396e-06,1.2473937906275462e-05,120.0
F7,659,659,561,98,343,0.8512898330804249,0.620575221238938,0.7178502879078694,cao2018,S09/060317n,all_channel,median,median__all_channel__F7,32,21,"[0, 1, 2, 3, 6, 10, 13, 14, 15, 16, 17, 18, 19, 20]",14,False,2.614890165074358e-05,-1.0355986099001623e-06,9.061500086881248e-06,120.0
FT7,650,650,550,100,354,0.8461538461538461,0.6084070796460177,0.7078507078507079,cao2018,S09/060317n,all_channel,median,median__all_channel__FT7,32,21,"[0, 1, 2, 3, 6, 10, 13, 14, 15, 16, 17, 18, 19, 20]",14,False,2.6103180548841913e-05,-1.026613435643969e-06,9.043264661495295e-06,120.0
T3,626,626,523,103,381,0.8354632587859425,0.5785398230088495,0.6836601307189543,cao2018,S09/060317n,all_channel,median,median__all_channel__T3,32,21,"[0, 1, 2, 3, 6, 10, 13, 14, 15, 16, 17, 18, 19, 20]",14,False,2.5447323140726063e-05,-9.440483672646482e-07,8.797123835996903e-06,120.0
FC3,465,465,372,93,532,0.8,0.41150442477876104,0.5434623813002191,cao2018,S09/060317n,all_channel,median,median__all_channel__FC3,32,21,"[0, 1, 2, 3, 6, 10, 13, 14, 15, 16, 17, 18, 19, 20]",14,False,3.0553611060535414e-05,-1.2017397534573876e-06,1.05851169379976e-05,120.0
FT8,472,472,348,124,556,0.7372881355932204,0.38495575221238937,0.505813953488372,cao2018,S09/060317n,all_channel,median,median__all_channel__FT8,32,21,"[0, 1, 2, 3, 6, 10, 13, 14, 15, 16, 17, 18, 19, 20]",14,False,2.790523691532014e-05,-6.894322633941445e-07,9.531556392904762e-06,120.0
FCZ,368,368,292,76,612,0.7934782608695652,0.3230088495575221,0.45911949685534587,cao2018,S09/060317n,all_channel,median,median__all_channel__FCZ,32,21,"[0, 1, 2, 3, 6, 10, 13, 14, 15, 16, 17, 18, 19, 20]",14,False,3.2014076107158284e-05,-1.191284874100333e-06,1.1068453660419538e-05,120.0
FC4,413,413,294,119,610,0.711864406779661,0.3252212389380531,0.4464692482915717,cao2018,S09/060317n,all_channel,median,median__all_channel__FC4,32,21,"[0, 1, 2, 3, 6, 10, 13, 14, 15, 16, 17, 18, 19, 20]",14,False,3.307055539865173e-05,-1.3231393000197923e-06,1.1464564899557174e-05,120.0
T4,404,404,288,116,616,0.7128712871287128,0.3185840707964602,0.4403669724770642,cao2018,S09/060317n,all_channel,median,median__all_channel__T4,32,21,"[0, 1, 2, 3, 6, 10, 13, 14, 15, 16, 17, 18, 19, 20]",14,False,2.7205462875323392e-05,-5.917063689511604e-07,9.26572308142485e-06,120.0
C3,297,297,215,82,689,0.7239057239057239,0.23783185840707965,0.35803497085761865,cao2018,S09/060317n,all_channel,median,median__all_channel__C3,32,21,"[0, 1, 2, 3, 6, 10, 13, 14, 15, 16, 17, 18, 19, 20]",14,False,2.7432282967343395e-05,-8.198143633680662e-07,9.417365776903822e-06,120.0
C4,287,287,163,124,741,0.5679442508710801,0.18030973451327434,0.27371956339210746,cao2018,S09/060317n,all_channel,median,median__all_channel__C4,32,21,"[0, 1, 2, 3, 6, 10, 13, 14, 15, 16, 17, 18, 19, 20]",14,False,3.0774870381409646e-05,-9.761621985919197e-07,1.058367752666719e-05,120.0
CZ,212,212,140,72,764,0.660377358490566,0.15486725663716813,0.25089605734767023,cao2018,S09/060317n,all_channel,median,median__all_channel__CZ,32,21,"[0, 1, 2, 3, 6, 10, 13, 14, 15, 16, 17, 18, 19, 20]",14,False,2.971207927493018e-05,-7.908786115876348e-07,1.016765262883927e-05,120.0
TP7,207,207,128,79,776,0.6183574879227053,0.1415929203539823,0.2304230423042304,cao2018,S09/060317n,all_channel,median,median__all_channel__TP7,32,21,"[0, 1, 2, 3, 6, 10, 13, 14, 15, 16, 17, 18, 19, 20]",14,False,1.7971283230318777e-05,-3.430129032020403e-07,6.1047653778402716e-06,120.0
T6,260,260,128,132,776,0.49230769230769234,0.1415929203539823,0.21993127147766323,cao2018,S09/060317n,all_channel,median,median__all_channel__T6,32,21,"[0, 1, 2, 3, 6, 10, 13, 14, 15, 16, 17, 18, 19, 20]",14,False,1.930933157038128e-05,-4.307376963035731e-07,6.580023088894952e-06,120.0
TP8,261,261,123,138,781,0.47126436781609193,0.13606194690265486,0.2111587982832618,cao2018,S09/060317n,all_channel,median,median__all_channel__TP8,32,21,"[0, 1, 2, 3, 6, 10, 13, 14, 15, 16, 17, 18, 19, 20]",14,False,1.933983326736836e-05,-4.13813287897611e-07,6.5845488517553235e-06,120.0
P3,153,153,97,56,807,0.6339869281045751,0.10730088495575221,0.18353831598864712,cao2018,S09/060317n,all_channel,median,median__all_channel__P3,32,21,"[0, 1, 2, 3, 6, 10, 13, 14, 15, 16, 17, 18, 19, 20]",14,False,2.4406497099236777e-05,-5.661354306182384e-07,8.324210843285006e-06,120.0
CP4,203,203,100,103,804,0.49261083743842365,0.11061946902654868,0.18066847335140018,cao2018,S09/060317n,all_channel,median,median__all_channel__CP4,32,21,"[0, 1, 2, 3, 6, 10, 13, 14, 15, 16, 17, 18, 19, 20]",14,False,2.7381325096330553e-05,-7.459587427251383e-07,9.37576127968523e-06,120.0
CP3,151,151,93,58,811,0.6158940397350994,0.10287610619469026,0.176303317535545,cao2018,S09/060317n,all_channel,median,median__all_channel__CP3,32,21,"[0, 1, 2, 3, 6, 10, 13, 14, 15, 16, 17, 18, 19, 20]",14,False,2.4436843408764243e-05,-5.565600352135139e-07,8.331134481325919e-06,120.0
CPZ,145,145,80,65,824,0.5517241379310345,0.08849557522123894,0.1525262154432793,cao2018,S09/060317n,all_channel,median,median__all_channel__CPZ,32,21,"[0, 1, 2, 3, 6, 10, 13, 14, 15, 16, 17, 18, 19, 20]",14,False,2.691799663574698e-05,-5.972543913673077e-07,9.17175034237143e-06,120.0
T5,145,145,76,69,828,0.5241379310344828,0.084070796460177,0.14489990467111535,cao2018,S09/060317n,all_channel,median,median__all_channel__T5,32,21,"[0, 1, 2, 3, 6, 10, 13, 14, 15, 16, 17, 18, 19, 20]",14,False,1.756610472785181e-05,-2.635588618107261e-07,5.943221196554178e-06,120.0
P4,147,147,76,71,828,0.5170068027210885,0.084070796460177,0.14462416745956233,cao2018,S09/060317n,all_channel,median,median__all_channel__P4,32,21,"[0, 1, 2, 3, 6, 10, 13, 14, 15, 16, 17, 18, 19, 20]",14,False,2.4270886126774496e-05,-5.680646062786364e-07,8.279650244351044e-06,120.0
A1,189,189,70,119,834,0.37037037037037035,0.07743362831858407,0.12808783165599266,cao2018,S09/060317n,all_channel,median,median__all_channel__A1,32,21,"[0, 1, 2, 3, 6, 10, 13, 14, 15, 16, 17, 18, 19, 20]",14,False,7.88622275469021e-06,-3.2940814464072236e-08,2.6397211897180938e-06,120.0
A2,174,174,65,109,839,0.3735632183908046,0.07190265486725664,0.12059369202226346,cao2018,S09/060317n,all_channel,median,median__all_channel__A2,32,21,"[0, 1, 2, 3, 6, 10, 13, 14, 15, 16, 17, 18, 19, 20]",14,False,7.952104383618353e-06,3.2940814464072236e-08,2.6397211897180938e-06,120.0
PZ,103,103,49,54,855,0.47572815533980584,0.05420353982300885,0.09731876861966236,cao2018,S09/060317n,all_channel,median,median__all_channel__PZ,32,21,"[0, 1, 2, 3, 6, 10, 13, 14, 15, 16, 17, 18, 19, 20]",14,False,2.4734988950575705e-05,-4.4909302016776986e-07,8.394693990247825e-06,120.0
O2,76,76,34,42,870,0.4473684210526316,0.03761061946902655,0.06938775510204083,cao2018,S09/060317n,all_channel,median,median__all_channel__O2,32,21,"[0, 1, 2, 3, 6, 10, 13, 14, 15, 16, 17, 18, 19, 20]",14,False,1.6993165735569445e-05,-2.502868608386782e-07,5.747817532136041e-06,120.0
OZ,73,73,29,44,875,0.3972602739726027,0.032079646017699116,0.05936540429887411,cao2018,S09/060317n,all_channel,median,median__all_channel__OZ,32,21,"[0, 1, 2, 3, 6, 10, 13, 14, 15, 16, 17, 18, 19, 20]",14,False,1.600871196185381e-05,-2.106501986808824e-07,5.406454053511565e-06,120.0
O1,71,71,28,43,876,0.39436619718309857,0.030973451327433628,0.057435897435897436,cao2018,S09/060317n,all_channel,median,median__all_channel__O1,32,21,"[0, 1, 2, 3, 6, 10, 13, 14, 15, 16, 17, 18, 19, 20]",14,False,1.5974896960504257e-05,-2.0263518352993395e-07,5.392510714678064e-06,120.0
FP1,1002,1002,896,106,8,0.8942115768463074,0.9911504424778761,0.9401888772298007,cao2018,S09/060317n,all_channel,mean,mean__all_channel__FP1,32,21,"[0, 1, 2, 3, 6, 10, 13, 14, 15, 16, 17, 18, 19, 20]",14,False,6.264018739448273e-05,-1.8642368541856973e-08,2.0886276587674862e-05,120.0
FP2,1010,1010,894,116,10,0.8851485148514852,0.9889380530973452,0.9341692789968653,cao2018,S09/060317n,all_channel,mean,mean__all_channel__FP2,32,21,"[0, 1, 2, 3, 6, 10, 13, 14, 15, 16, 17, 18, 19, 20]",14,False,5.7474449262481294e-05,-1.684874365375413e-08,1.9163766002045017e-05,120.0
FZ,721,721,655,66,249,0.9084604715672677,0.7245575221238938,0.8061538461538461,cao2018,S09/060317n,all_channel,mean,mean__all_channel__FZ,32,21,"[0, 1, 2, 3, 6, 10, 13, 14, 15, 16, 17, 18, 19, 20]",14,False,3.682388176997242e-05,-8.589330270407118e-09,1.2277490366747607e-05,120.0
F3,699,699,620,79,284,0.8869814020028612,0.6858407079646017,0.773549594510293,cao2018,S09/060317n,all_channel,mean,mean__all_channel__F3,32,21,"[0, 1, 2, 3, 6, 10, 13, 14, 15, 16, 17, 18, 19, 20]",14,False,3.5616976832092894e-05,-1.734411123098071e-08,1.1878106981107958e-05,120.0
F8,724,724,598,126,306,0.8259668508287292,0.661504424778761,0.7346437346437346,cao2018,S09/060317n,all_channel,mean,mean__all_channel__F8,32,21,"[0, 1, 2, 3, 6, 10, 13, 14, 15, 16, 17, 18, 19, 20]",14,False,4.167227178519529e-05,1.1920205696417244e-08,1.388678385983296e-05,120.0
F4,661,661,572,89,332,0.8653555219364599,0.6327433628318584,0.7309904153354633,cao2018,S09/060317n,all_channel,mean,mean__all_channel__F4,32,21,"[0, 1, 2, 3, 6, 10, 13, 14, 15, 16, 17, 18, 19, 20]",14,False,3.742015366361683e-05,-1.6600552095583322e-09,1.2473937906275462e-05,120.0
F7,604,604,523,81,381,0.8658940397350994,0.5785398230088495,0.6936339522546419,cao2018,S09/060317n,all_channel,mean,mean__all_channel__F7,32,21,"[0, 1, 2, 3, 6, 10, 13, 14, 15, 16, 17, 18, 19, 20]",14,False,2.7190324302516935e-05,5.824041873188955e-09,9.061500086881248e-06,120.0
FT7,594,594,510,84,394,0.8585858585858586,0.5641592920353983,0.6809078771695595,cao2018,S09/060317n,all_channel,mean,mean__all_channel__FT7,32,21,"[0, 1, 2, 3, 6, 10, 13, 14, 15, 16, 17, 18, 19, 20]",14,False,2.7135904550228862e-05,6.110565742978691e-09,9.043264661495295e-06,120.0
T3,574,574,484,90,420,0.8432055749128919,0.5353982300884956,0.6549391069012178,cao2018,S09/060317n,all_channel,mean,mean__all_channel__T3,32,21,"[0, 1, 2, 3, 6, 10, 13, 14, 15, 16, 17, 18, 19, 20]",14,False,2.6398409545171e-05,7.038037180290552e-09,8.797123835996903e-06,120.0
FC3,433,433,348,85,556,0.8036951501154734,0.38495575221238937,0.5205684367988032,cao2018,S09/060317n,all_channel,mean,mean__all_channel__FC3,32,21,"[0, 1, 2, 3, 6, 10, 13, 14, 15, 16, 17, 18, 19, 20]",14,False,3.174137831915438e-05,-1.3972494838426568e-08,1.05851169379976e-05,120.0
FT8,443,443,327,116,577,0.7381489841986456,0.36172566371681414,0.48552338530066813,cao2018,S09/060317n,all_channel,mean,mean__all_channel__FT8,32,21,"[0, 1, 2, 3, 6, 10, 13, 14, 15, 16, 17, 18, 19, 20]",14,False,2.8607327724169958e-05,1.2658545455671512e-08,9.531556392904762e-06,120.0
FCZ,331,331,271,60,633,0.8187311178247734,0.2997787610619469,0.4388663967611336,cao2018,S09/060317n,all_channel,mean,mean__all_channel__FCZ,32,21,"[0, 1, 2, 3, 6, 10, 13, 14, 15, 16, 17, 18, 19, 20]",14,False,3.3197231136436665e-05,-8.129844821953892e-09,1.1068453660419538e-05,120.0
T4,385,385,272,113,632,0.7064935064935065,0.3008849557522124,0.42203258339798294,cao2018,S09/060317n,all_channel,mean,mean__all_channel__T4,32,21,"[0, 1, 2, 3, 6, 10, 13, 14, 15, 16, 17, 18, 19, 20]",14,False,2.7810714923394512e-05,1.3545679119959936e-08,9.26572308142485e-06,120.0
FC4,364,364,258,106,646,0.7087912087912088,0.2853982300884956,0.4069400630914827,cao2018,S09/060317n,all_channel,mean,mean__all_channel__FC4,32,21,"[0, 1, 2, 3, 6, 10, 13, 14, 15, 16, 17, 18, 19, 20]",14,False,3.439067378550024e-05,-3.020913171281897e-09,1.1464564899557174e-05,120.0
C3,264,264,190,74,714,0.7196969696969697,0.21017699115044247,0.3253424657534246,cao2018,S09/060317n,all_channel,mean,mean__all_channel__C3,32,21,"[0, 1, 2, 3, 6, 10, 13, 14, 15, 16, 17, 18, 19, 20]",14,False,2.8244903560386318e-05,-7.193770325146323e-09,9.417365776903822e-06,120.0
C4,266,266,150,116,754,0.5639097744360902,0.16592920353982302,0.25641025641025644,cao2018,S09/060317n,all_channel,mean,mean__all_channel__C4,32,21,"[0, 1, 2, 3, 6, 10, 13, 14, 15, 16, 17, 18, 19, 20]",14,False,3.174321128202911e-05,-7.821297972454285e-09,1.058367752666719e-05,120.0
CZ,191,191,125,66,779,0.6544502617801047,0.13827433628318583,0.228310502283105,cao2018,S09/060317n,all_channel,mean,mean__all_channel__CZ,32,21,"[0, 1, 2, 3, 6, 10, 13, 14, 15, 16, 17, 18, 19, 20]",14,False,3.0495273091492066e-05,-7.684795025747684e-09,1.016765262883927e-05,120.0
TP7,194,194,117,77,787,0.6030927835051546,0.12942477876106195,0.21311475409836064,cao2018,S09/060317n,all_channel,mean,mean__all_channel__TP7,32,21,"[0, 1, 2, 3, 6, 10, 13, 14, 15, 16, 17, 18, 19, 20]",14,False,1.831215641826845e-05,-2.139715252365598e-09,6.1047653778402716e-06,120.0
T6,254,254,121,133,783,0.4763779527559055,0.1338495575221239,0.2089810017271157,cao2018,S09/060317n,all_channel,mean,mean__all_channel__T6,32,21,"[0, 1, 2, 3, 6, 10, 13, 14, 15, 16, 17, 18, 19, 20]",14,False,1.9747990385693607e-05,7.921119008754388e-09,6.580023088894952e-06,120.0
TP8,257,257,119,138,785,0.46303501945525294,0.13163716814159293,0.2049956933677864,cao2018,S09/060317n,all_channel,mean,mean__all_channel__TP8,32,21,"[0, 1, 2, 3, 6, 10, 13, 14, 15, 16, 17, 18, 19, 20]",14,False,1.976263845993408e-05,8.99190466811038e-09,6.5845488517553235e-06,120.0
CP4,193,193,94,99,810,0.48704663212435234,0.10398230088495575,0.17137648131267091,cao2018,S09/060317n,all_channel,mean,mean__all_channel__CP4,32,21,"[0, 1, 2, 3, 6, 10, 13, 14, 15, 16, 17, 18, 19, 20]",14,False,2.8116229579356983e-05,-1.1054259698707664e-08,9.37576127968523e-06,120.0
P3,137,137,84,53,820,0.6131386861313869,0.09292035398230089,0.16138328530259366,cao2018,S09/060317n,all_channel,mean,mean__all_channel__P3,32,21,"[0, 1, 2, 3, 6, 10, 13, 14, 15, 16, 17, 18, 19, 20]",14,False,2.4963950294822946e-05,-8.682235032069587e-09,8.324210843285006e-06,120.0
CP3,135,135,80,55,824,0.5925925925925926,0.08849557522123894,0.15399422521655437,cao2018,S09/060317n,all_channel,mean,mean__all_channel__CP3,32,21,"[0, 1, 2, 3, 6, 10, 13, 14, 15, 16, 17, 18, 19, 20]",14,False,2.498487508587289e-05,-8.528358104865063e-09,8.331134481325919e-06,120.0
T5,142,142,74,68,830,0.5211267605633803,0.08185840707964602,0.14149139579349906,cao2018,S09/060317n,all_channel,mean,mean__all_channel__T5,32,21,"[0, 1, 2, 3, 6, 10, 13, 14, 15, 16, 17, 18, 19, 20]",14,False,1.782122469736348e-05,-8.438892299054621e-09,5.943221196554178e-06,120.0
CPZ,135,135,71,64,833,0.5259259259259259,0.07853982300884955,0.136669874879692,cao2018,S09/060317n,all_channel,mean,mean__all_channel__CPZ,32,21,"[0, 1, 2, 3, 6, 10, 13, 14, 15, 16, 17, 18, 19, 20]",14,False,2.750690421232728e-05,-8.346814787006103e-09,9.17175034237143e-06,120.0
P4,139,139,70,69,834,0.5035971223021583,0.07743362831858407,0.1342281879194631,cao2018,S09/060317n,all_channel,mean,mean__all_channel__P4,32,21,"[0, 1, 2, 3, 6, 10, 13, 14, 15, 16, 17, 18, 19, 20]",14,False,2.482404615980759e-05,-1.4904573245541623e-08,8.279650244351044e-06,120.0
A1,187,187,70,117,834,0.37433155080213903,0.07743362831858407,0.12832263978001832,cao2018,S09/060317n,all_channel,mean,mean__all_channel__A1,32,21,"[0, 1, 2, 3, 6, 10, 13, 14, 15, 16, 17, 18, 19, 20]",14,False,7.917390911004361e-06,-1.772658149920731e-09,2.6397211897180938e-06,120.0
A2,175,175,66,109,838,0.37714285714285717,0.07300884955752213,0.12233549582947174,cao2018,S09/060317n,all_channel,mean,mean__all_channel__A2,32,21,"[0, 1, 2, 3, 6, 10, 13, 14, 15, 16, 17, 18, 19, 20]",14,False,7.920936227304201e-06,1.772658149920731e-09,2.6397211897180938e-06,120.0
PZ,93,93,45,48,859,0.4838709677419355,0.049778761061946904,0.09027081243731193,cao2018,S09/060317n,all_channel,mean,mean__all_channel__PZ,32,21,"[0, 1, 2, 3, 6, 10, 13, 14, 15, 16, 17, 18, 19, 20]",14,False,2.517495972287815e-05,-9.122247865324013e-09,8.394693990247825e-06,120.0
O2,71,71,32,39,872,0.4507042253521127,0.035398230088495575,0.06564102564102564,cao2018,S09/060317n,all_channel,mean,mean__all_channel__O2,32,21,"[0, 1, 2, 3, 6, 10, 13, 14, 15, 16, 17, 18, 19, 20]",14,False,1.7233170639600783e-05,-1.0281956807338699e-08,5.747817532136041e-06,120.0
O1,68,68,27,41,877,0.39705882352941174,0.029867256637168143,0.05555555555555556,cao2018,S09/060317n,all_channel,mean,mean__all_channel__O1,32,21,"[0, 1, 2, 3, 6, 10, 13, 14, 15, 16, 17, 18, 19, 20]",14,False,1.6168463380317422e-05,-9.068763716769096e-09,5.392510714678064e-06,120.0
OZ,70,70,27,43,877,0.38571428571428573,0.029867256637168143,0.05544147843942505,cao2018,S09/060317n,all_channel,mean,mean__all_channel__OZ,32,21,"[0, 1, 2, 3, 6, 10, 13, 14, 15, 16, 17, 18, 19, 20]",14,False,1.6210325236302346e-05,-9.03692423234911e-09,5.406454053511565e-06,120.0
FP1,1020,1020,898,122,6,0.8803921568627451,0.9933628318584071,0.9334719334719336,cao2018,S09/060317n,frontal,median,median__frontal__FP1,4,21,"[0, 1, 2, 3, 6, 10, 13, 14, 15, 16, 17, 18, 19, 20]",14,False,5.650733603771535e-05,-6.1514937253092436e-06,2.0886276587674862e-05,120.0
FP2,1028,1028,898,130,6,0.8735408560311284,0.9933628318584071,0.9296066252587991,cao2018,S09/060317n,frontal,median,median__frontal__FP2,4,21,"[0, 1, 2, 3, 6, 10, 13, 14, 15, 16, 17, 18, 19, 20]",14,False,5.1949982754549695e-05,-5.541315251585357e-06,1.9163766002045017e-05,120.0
F3,750,750,654,96,250,0.872,0.7234513274336283,0.7908101571946795,cao2018,S09/060317n,frontal,median,median__frontal__F3,4,21,"[0, 1, 2, 3, 6, 10, 13, 14, 15, 16, 17, 18, 19, 20]",14,False,3.381408020511494e-05,-1.8202407382089386e-06,1.1878106981107958e-05,120.0
F4,709,709,613,96,291,0.8645980253878702,0.6780973451327433,0.7600743955362679,cao2018,S09/060317n,frontal,median,median__frontal__F4,4,21,"[0, 1, 2, 3, 6, 10, 13, 14, 15, 16, 17, 18, 19, 20]",14,False,3.549868814377945e-05,-1.9231255750469396e-06,1.2473937906275462e-05,120.0
FP1,1002,1002,896,106,8,0.8942115768463074,0.9911504424778761,0.9401888772298007,cao2018,S09/060317n,frontal,mean,mean__frontal__FP1,4,21,"[0, 1, 2, 3, 6, 10, 13, 14, 15, 16, 17, 18, 19, 20]",14,False,6.264018739448273e-05,-1.8642368541856973e-08,2.0886276587674862e-05,120.0
FP2,1010,1010,894,116,10,0.8851485148514852,0.9889380530973452,0.9341692789968653,cao2018,S09/060317n,frontal,mean,mean__frontal__FP2,4,21,"[0, 1, 2, 3, 6, 10, 13, 14, 15, 16, 17, 18, 19, 20]",14,False,5.7474449262481294e-05,-1.684874365375413e-08,1.9163766002045017e-05,120.0
F3,699,699,620,79,284,0.8869814020028612,0.6858407079646017,0.773549594510293,cao2018,S09/060317n,frontal,mean,mean__frontal__F3,4,21,"[0, 1, 2, 3, 6, 10, 13, 14, 15, 16, 17, 18, 19, 20]",14,False,3.5616976832092894e-05,-1.734411123098071e-08,1.1878106981107958e-05,120.0
F4,661,661,572,89,332,0.8653555219364599,0.6327433628318584,0.7309904153354633,cao2018,S09/060317n,frontal,mean,mean__frontal__F4,4,21,"[0, 1, 2, 3, 6, 10, 13, 14, 15, 16, 17, 18, 19, 20]",14,False,3.742015366361683e-05,-1.6600552095583322e-09,1.2473937906275462e-05,120.0
FP1,1013,1013,896,117,8,0.8845014807502468,0.9911504424778761,0.934793948878456,cao2018,S09/060317n,frontal_left,median,median__frontal_left__FP1,2,21,"[0, 1, 2, 3, 6, 13, 14, 15, 16, 17, 18, 19, 20]",13,False,5.849217496697082e-05,-7.065851411004112e-06,2.1852675459324974e-05,120.0
F3,737,737,649,88,255,0.8805970149253731,0.7179203539823009,0.7909811090798294,cao2018,S09/060317n,frontal_left,median,median__frontal_left__F3,2,21,"[0, 1, 2, 3, 6, 13, 14, 15, 16, 17, 18, 19, 20]",13,False,3.444517763039418e-05,-2.000389517894428e-06,1.2148522382762868e-05,120.0
FP1,998,998,896,102,8,0.8977955911823647,0.9911504424778761,0.9421661409043113,cao2018,S09/060317n,frontal_left,mean,mean__frontal_left__FP1,2,21,"[0, 1, 2, 3, 6, 13, 14, 15, 16, 17, 18, 19, 20]",13,False,6.553801499295773e-05,-2.0011385017196334e-08,2.1852675459324974e-05,120.0
F3,673,673,598,75,306,0.888558692421991,0.661504424778761,0.7584020291693088,cao2018,S09/060317n,frontal_left,mean,mean__frontal_left__F3,2,21,"[0, 1, 2, 3, 6, 13, 14, 15, 16, 17, 18, 19, 20]",13,False,3.642647807896957e-05,-1.9089069319038287e-08,1.2148522382762868e-05,120.0
FP2,1028,1028,898,130,6,0.8735408560311284,0.9933628318584071,0.9296066252587991,cao2018,S09/060317n,frontal_right,median,median__frontal_right__FP2,2,21,"[0, 1, 2, 3, 6, 10, 13, 14, 15, 16, 17, 18, 19, 20]",14,False,5.1949982754549695e-05,-5.541315251585357e-06,1.9163766002045017e-05,120.0
F4,709,709,613,96,291,0.8645980253878702,0.6780973451327433,0.7600743955362679,cao2018,S09/060317n,frontal_right,median,median__frontal_right__F4,2,21,"[0, 1, 2, 3, 6, 10, 13, 14, 15, 16, 17, 18, 19, 20]",14,False,3.549868814377945e-05,-1.9231255750469396e-06,1.2473937906275462e-05,120.0
FP2,1010,1010,894,116,10,0.8851485148514852,0.9889380530973452,0.9341692789968653,cao2018,S09/060317n,frontal_right,mean,mean__frontal_right__FP2,2,21,"[0, 1, 2, 3, 6, 10, 13, 14, 15, 16, 17, 18, 19, 20]",14,False,5.7474449262481294e-05,-1.684874365375413e-08,1.9163766002045017e-05,120.0
F4,661,661,572,89,332,0.8653555219364599,0.6327433628318584,0.7309904153354633,cao2018,S09/060317n,frontal_right,mean,mean__frontal_right__F4,2,21,"[0, 1, 2, 3, 6, 10, 13, 14, 15, 16, 17, 18, 19, 20]",14,False,3.742015366361683e-05,-1.6600552095583322e-09,1.2473937906275462e-05,120.0
